collector,count,percent_total,dollar_amount,count21,percent_total21,dollar_amount21,count20,percent_total20,dollar_amount20
lvnv funding llc,110,19.0%,0,24,27.3%,0,86,17.6%,0
portfolio recovery associates llc,91,15.7%,0,7,8.0%,0,84,17.1%,0
midland credit management inc,87,15.1%,0,17,19.3%,0,70,14.3%,0
cavalry spv 1 llc,28,4.8%,0,4,4.5%,0,24,4.9%,0
midland funding llc,23,4.0%,0,1,1.1%,0,22,4.5%,0
capital one bank usa na,17,2.9%,0,0,0.0%,0,17,3.5%,0
midland credit management llc,16,2.8%,0,0,0.0%,0,16,3.3%,0
bank of america na,12,2.1%,0,1,1.1%,0,11,2.2%,0
jp morgan chase bank n.a.,10,1.7%,0,3,3.4%,0,7,1.4%,0
citibank n.a.,9,1.6%,0,0,0.0%,0,9,1.8%,0
jefferson capital systems,8,1.4%,0,0,0.0%,0,8,1.6%,0
td bank usa n.a.,8,1.4%,0,6,6.8%,0,2,0.4%,0
saint louis university,8,1.4%,0,1,1.1%,0,7,1.4%,0
st. louis university,8,1.4%,0,0,0.0%,0,8,1.6%,0
jefferson capital systems llc,8,1.4%,0,2,2.3%,0,6,1.2%,0
bank of america n.a.,7,1.2%,0,0,0.0%,0,7,1.4%,0
citibank na,7,1.2%,0,3,3.4%,0,4,0.8%,0
cash link usa,5,0.9%,0,0,0.0%,0,5,1.0%,0
midwest ent centre p.c.,5,0.9%,0,0,0.0%,0,5,1.0%,0
absolute resolutions investments llc,5,0.9%,0,1,1.1%,0,4,0.8%,0
signature medical group inc,5,0.9%,0,0,0.0%,0,5,1.0%,0
st lukes hospital,5,0.9%,0,0,0.0%,0,5,1.0%,0
onemain finanacial group llc,4,0.7%,0,0,0.0%,0,4,0.8%,0
consumer adjustment company inc,4,0.7%,0,2,2.3%,0,2,0.4%,0
pedano o'shea mcgavic & hogenmiller llc,3,0.5%,0,1,1.1%,0,2,0.4%,0
crown asset management llc,3,0.5%,0,0,0.0%,0,3,0.6%,0
second round lp,3,0.5%,0,0,0.0%,0,3,0.6%,0
washington university physician network,3,0.5%,0,0,0.0%,0,3,0.6%,0
american multispecialty group inc,3,0.5%,0,0,0.0%,0,3,0.6%,0
first bank,3,0.5%,0,2,2.3%,0,1,0.2%,0
ncb management services inc,3,0.5%,0,0,0.0%,0,3,0.6%,0
hannibal regional hospital,2,0.3%,0,0,0.0%,0,2,0.4%,0
st louis university,2,0.3%,0,0,0.0%,0,2,0.4%,0
provider plus inc,2,0.3%,0,1,1.1%,0,1,0.2%,0
capital region medical center,2,0.3%,0,0,0.0%,0,2,0.4%,0
wcp laboratories inc,2,0.3%,0,0,0.0%,0,2,0.4%,0
barclays bank delaware,2,0.3%,0,0,0.0%,0,2,0.4%,0
missouri center for reproductive medicine,2,0.3%,0,1,1.1%,0,1,0.2%,0
little hills healthcare llc,2,0.3%,0,0,0.0%,0,2,0.4%,0
jpmorgan chase bank n.a.,2,0.3%,0,0,0.0%,0,2,0.4%,0
onemain financial group llc,2,0.3%,0,2,2.3%,0,0,0.0%,0
cvi sgp-co acquisition trust,2,0.3%,0,2,2.3%,0,0,0.0%,0
friend acoustical ceiling co.,1,0.2%,0,0,0.0%,0,1,0.2%,0
todt ryan cody & fuchs llc,1,0.2%,0,0,0.0%,0,1,0.2%,0
the johnson law firm llc,1,0.2%,0,0,0.0%,0,1,0.2%,0
coulter lambson llc,1,0.2%,0,0,0.0%,0,1,0.2%,0
cavalry spv i llc,1,0.2%,0,0,0.0%,0,1,0.2%,0
current trends inc,1,0.2%,0,0,0.0%,0,1,0.2%,0
orthopedic associates llc,1,0.2%,0,0,0.0%,0,1,0.2%,0
vintage landing condominium poa  inc,1,0.2%,0,0,0.0%,0,1,0.2%,0
perry county memorial hospital,1,0.2%,0,0,0.0%,0,1,0.2%,0
kirksville missouri hospital,1,0.2%,0,0,0.0%,0,1,0.2%,0
swift transportation company,1,0.2%,0,0,0.0%,0,1,0.2%,0
dotec corp,1,0.2%,0,0,0.0%,0,1,0.2%,0
foley hospital corporation,1,0.2%,0,0,0.0%,0,1,0.2%,0
greenstate credit union,1,0.2%,0,0,0.0%,0,1,0.2%,0
st louis urological surgeons inc,1,0.2%,0,0,0.0%,0,1,0.2%,0
consumer collection management inc,1,0.2%,0,0,0.0%,0,1,0.2%,0
commerce bank a mo banking corp,1,0.2%,0,0,0.0%,0,1,0.2%,0
renaissance plastic surgery,1,0.2%,0,0,0.0%,0,1,0.2%,0
moberly hospital company llc,1,0.2%,0,0,0.0%,0,1,0.2%,0
cach llc,1,0.2%,0,0,0.0%,0,1,0.2%,0
world martial arts academy,1,0.2%,0,0,0.0%,0,1,0.2%,0
first portfolio ventures i llc,1,0.2%,0,0,0.0%,0,1,0.2%,0
evanston insurance company,1,0.2%,0,0,0.0%,0,1,0.2%,0
sound health services p.c.,1,0.2%,0,0,0.0%,0,1,0.2%,0
pike county r-iii schools,1,0.2%,0,0,0.0%,0,1,0.2%,0
michael k parsons dds pc,1,0.2%,0,0,0.0%,0,1,0.2%,0
security credit services llc,1,0.2%,0,0,0.0%,0,1,0.2%,0
blusky restoration contractors llc fka united services,1,0.2%,0,0,0.0%,0,1,0.2%,0
blusky restoration contractors dba 1-800-boardup,1,0.2%,0,0,0.0%,0,1,0.2%,0
student loan solutions llc,1,0.2%,0,0,0.0%,0,1,0.2%,0
ncslt 2007-2,1,0.2%,0,0,0.0%,0,1,0.2%,0
heights finance corporation,1,0.2%,0,0,0.0%,0,1,0.2%,0
vermeer corporation,1,0.2%,0,0,0.0%,0,1,0.2%,0
velocity investments llc,1,0.2%,0,0,0.0%,0,1,0.2%,0
mm finance llc,1,0.2%,0,0,0.0%,0,1,0.2%,0
jh met subsidiary b liquidating trust,1,0.2%,0,0,0.0%,0,1,0.2%,0
veterinary specialty services-west,1,0.2%,0,0,0.0%,0,1,0.2%,0
raka group inc,1,0.2%,0,0,0.0%,0,1,0.2%,0
howard haake llc,1,0.2%,0,1,1.1%,0,0,0.0%,0
together credit union,1,0.2%,0,1,1.1%,0,0,0.0%,0
tbf financial llc,1,0.2%,0,1,1.1%,0,0,0.0%,0
adams receivables a corporation,1,0.2%,0,1,1.1%,0,0,0.0%,0
berkley real estate dba red hawk estate,1,0.2%,0,1,1.1%,0,0,0.0%,0
mm finance llc dba ez money check cashing,1,0.2%,0,1,1.1%,0,0,0.0%,0
law offices of susan l. ward llc,1,0.2%,0,1,1.1%,0,0,0.0%,0