collector,count,percent_total,dollar_amount,count21,percent_total21,dollar_amount21,count20,percent_total20,dollar_amount20
lvnv funding llc,9384,13.8%,0,2886,18.8%,0,6498,12.4%,0
midland credit management inc,7315,10.8%,0,1515,9.9%,0,5800,11.1%,0
portfolio recovery associates llc,6875,10.1%,0,782,5.1%,0,6093,11.6%,0
cavalry spv i llc,2581,3.8%,0,525,3.4%,0,2056,3.9%,0
midland funding llc,2343,3.5%,0,186,1.2%,0,2157,4.1%,0
midwestern health management inc,2308,3.4%,0,976,6.3%,0,1332,2.5%,0
freeman health system,1536,2.3%,0,271,1.8%,0,1265,2.4%,0
bank of america n.a.,1256,1.9%,0,198,1.3%,0,1058,2.0%,0
citibank n.a.,1219,1.8%,0,281,1.8%,0,938,1.8%,0
capital one bank (usa) n.a.,1187,1.7%,0,318,2.1%,0,869,1.7%,0
jefferson capital systems llc,1087,1.6%,0,325,2.1%,0,762,1.5%,0
poplar bluff regional medical center llc,1024,1.5%,0,106,0.7%,0,918,1.8%,0
wakefield & associates inc,1008,1.5%,0,278,1.8%,0,730,1.4%,0
metropolitan st louis sewer district,826,1.2%,0,503,3.3%,0,323,0.6%,0
kirksville missouri hospital company l.l.c.,652,1.0%,0,241,1.6%,0,411,0.8%,0
absolute resolutions investments llc,600,0.9%,0,101,0.7%,0,499,1.0%,0
moberly hospital company llc d/b/a moberly regional med,575,0.8%,0,60,0.4%,0,515,1.0%,0
midland credit management llc,547,0.8%,0,75,0.5%,0,472,0.9%,0
metropolitan st. louis sewer district,539,0.8%,0,107,0.7%,0,432,0.8%,0
capital region medical center,520,0.8%,0,20,0.1%,0,500,1.0%,0
jp morgan chase bank n.a.,518,0.8%,0,179,1.2%,0,339,0.6%,0
clear recovery inc,505,0.7%,0,179,1.2%,0,326,0.6%,0
freeman neosho hospital,490,0.7%,0,69,0.4%,0,421,0.8%,0
cash link usa llc,487,0.7%,0,127,0.8%,0,360,0.7%,0
consumer adjustment company inc,483,0.7%,0,81,0.5%,0,402,0.8%,0
mm finance llc,471,0.7%,0,109,0.7%,0,362,0.7%,0
southeast missouri hospital association,451,0.7%,0,101,0.7%,0,350,0.7%,0
madison medical center,442,0.7%,0,18,0.1%,0,424,0.8%,0
td bank usa n.a.,420,0.6%,0,237,1.5%,0,183,0.3%,0
onemain financial group llc,384,0.6%,0,96,0.6%,0,288,0.5%,0
lvnv funding llc a limited liability company,376,0.6%,0,110,0.7%,0,266,0.5%,0
discover bank,361,0.5%,0,193,1.3%,0,168,0.3%,0
velocity investments llc,331,0.5%,0,44,0.3%,0,287,0.5%,0
capital one bank usa na,328,0.5%,0,184,1.2%,0,144,0.3%,0
citibank na,298,0.4%,0,73,0.5%,0,225,0.4%,0
msd,293,0.4%,0,49,0.3%,0,244,0.5%,0
genesis health clubs llc,284,0.4%,0,5,0.0%,0,279,0.5%,0
lvnv funding l.l.c. a limited liability company,250,0.4%,0,77,0.5%,0,173,0.3%,0
credit bureau of columbia inc,249,0.4%,0,85,0.6%,0,164,0.3%,0
bank of america na,247,0.4%,0,60,0.4%,0,187,0.4%,0
freeman health systems,247,0.4%,0,9,0.1%,0,238,0.5%,0
crown asset management llc,238,0.4%,0,77,0.5%,0,161,0.3%,0
st. louis university,223,0.3%,0,6,0.0%,0,217,0.4%,0
credit corp solutions inc,215,0.3%,0,23,0.1%,0,192,0.4%,0
jp morgan chase bank na,207,0.3%,0,51,0.3%,0,156,0.3%,0
midland credit management inc a corporation,202,0.3%,0,163,1.1%,0,39,0.1%,0
saint louis university,202,0.3%,0,28,0.2%,0,174,0.3%,0
hannibal regional hospital,197,0.3%,0,19,0.1%,0,178,0.3%,0
barclays bank delaware,189,0.3%,0,0,0.0%,0,189,0.4%,0
carroll county memorial hospital,178,0.3%,0,54,0.4%,0,124,0.2%,0
midland credit management,169,0.2%,0,29,0.2%,0,140,0.3%,0
metro emergency physicians llc,166,0.2%,0,1,0.0%,0,165,0.3%,0
bank of america,163,0.2%,0,44,0.3%,0,119,0.2%,0
signature medical group inc,162,0.2%,0,13,0.1%,0,149,0.3%,0
perry county memorial hospital,150,0.2%,0,0,0.0%,0,150,0.3%,0
second round sub llc,146,0.2%,0,12,0.1%,0,134,0.3%,0
poplar bluff regional medical center llc dba pbrmc,146,0.2%,0,15,0.1%,0,131,0.2%,0
ncb management services inc,144,0.2%,0,30,0.2%,0,114,0.2%,0
portfolio recovery,142,0.2%,0,11,0.1%,0,131,0.2%,0
washington university physician network,141,0.2%,0,2,0.0%,0,139,0.3%,0
harrison county community hospital,138,0.2%,0,53,0.3%,0,85,0.2%,0
ray county memorial hospital,137,0.2%,0,27,0.2%,0,110,0.2%,0
cvi sgp-co acquisition trust,135,0.2%,0,77,0.5%,0,58,0.1%,0
lvnv funding,135,0.2%,0,40,0.3%,0,95,0.2%,0
st louis university,132,0.2%,0,11,0.1%,0,121,0.2%,0
the board of trustees of nkc hospital,131,0.2%,0,93,0.6%,0,38,0.1%,0
american multispecialty group inc,128,0.2%,0,4,0.0%,0,124,0.2%,0
jpmorgan chase bank n.a.,126,0.2%,0,89,0.6%,0,37,0.1%,0
city of kansas city missouri,126,0.2%,0,19,0.1%,0,107,0.2%,0
cvi sgp acquisition trust,123,0.2%,0,48,0.3%,0,75,0.1%,0
lvnv funding llc - st louis,120,0.2%,0,20,0.1%,0,100,0.2%,0
cach llc,118,0.2%,0,10,0.1%,0,108,0.2%,0
portfolio recovery associates,118,0.2%,0,3,0.0%,0,115,0.2%,0
moberly hospital company llc,117,0.2%,0,6,0.0%,0,111,0.2%,0
wakefield and associates inc,116,0.2%,0,9,0.1%,0,107,0.2%,0
poplar bluff regional medical center,103,0.2%,0,8,0.1%,0,95,0.2%,0
kirksville missouri hosp. co. d/b/a n.e. regional med. cen.,101,0.1%,0,33,0.2%,0,68,0.1%,0
kirksville missouri hospital company llc,100,0.1%,0,9,0.1%,0,91,0.2%,0
cavalry spv i  llc,96,0.1%,0,37,0.2%,0,59,0.1%,0
one main financial group llc,95,0.1%,0,2,0.0%,0,93,0.2%,0
department stores national bank,95,0.1%,0,23,0.1%,0,72,0.1%,0
second round lp,94,0.1%,0,4,0.0%,0,90,0.2%,0
portfolio recovery associates llc a limited liability co,94,0.1%,0,0,0.0%,0,94,0.2%,0
portfolio recovery assocates llc,92,0.1%,0,0,0.0%,0,92,0.2%,0
the board of trustees of north kansas city hospital,90,0.1%,0,36,0.2%,0,54,0.1%,0
lester e cox medical centers,89,0.1%,0,0,0.0%,0,89,0.2%,0
consumer collection management assignee of se health ctr,89,0.1%,0,0,0.0%,0,89,0.2%,0
professional credit management inc,87,0.1%,0,9,0.1%,0,78,0.1%,0
bank of america n a,84,0.1%,0,9,0.1%,0,75,0.1%,0
cash link usa llc dba cash link usa,82,0.1%,0,41,0.3%,0,41,0.1%,0
jh met subsidiary b liquidating trust,82,0.1%,0,52,0.3%,0,30,0.1%,0
st. luke's hospital,81,0.1%,0,3,0.0%,0,78,0.1%,0
four seasons lakesites poa inc,81,0.1%,0,17,0.1%,0,64,0.1%,0
cash link usa,79,0.1%,0,22,0.1%,0,57,0.1%,0
bothwell regional health center,79,0.1%,0,22,0.1%,0,57,0.1%,0
uhg i llc,75,0.1%,0,30,0.2%,0,45,0.1%,0
credit bureau services l.l.c. as assignee of cape radiology,72,0.1%,0,7,0.0%,0,65,0.1%,0
moberly hospital company l.l.c. d/b/a moberly regional medi,72,0.1%,0,26,0.2%,0,46,0.1%,0
university of kansas health system,70,0.1%,0,0,0.0%,0,70,0.1%,0
td bank usa na,69,0.1%,0,47,0.3%,0,22,0.0%,0
portfolio recovery 707 n 2nd st st louis mo,69,0.1%,0,5,0.0%,0,64,0.1%,0
midland credit management inc - 974 73rd st w des moines ia,69,0.1%,0,6,0.0%,0,63,0.1%,0
hannibal clinic operations llc,64,0.1%,0,1,0.0%,0,63,0.1%,0
capital one bank,58,0.1%,0,2,0.0%,0,56,0.1%,0
credit bureau of columbia,57,0.1%,0,21,0.1%,0,36,0.1%,0
midland credit manag,56,0.1%,0,55,0.4%,0,1,0.0%,0
cavalry spv 1 llc,54,0.1%,0,6,0.0%,0,48,0.1%,0
consumer collection management inc,53,0.1%,0,3,0.0%,0,50,0.1%,0
midland credit management inc  a corp,53,0.1%,0,8,0.1%,0,45,0.1%,0
jpmorgan chase bank national association,53,0.1%,0,21,0.1%,0,32,0.1%,0
sound health services p.c.,52,0.1%,0,2,0.0%,0,50,0.1%,0
ste genevieve county memorial hospital,52,0.1%,0,29,0.2%,0,23,0.0%,0
bothwell regional health center petitioner,51,0.1%,0,35,0.2%,0,16,0.0%,0
kennett hma llc,51,0.1%,0,3,0.0%,0,48,0.1%,0
little hills healthcare llc,50,0.1%,0,5,0.0%,0,45,0.1%,0
northwest arkansas hospitals llc d/b/a northwest medical ce,50,0.1%,0,8,0.1%,0,42,0.1%,0
capital one bank (usa) na,48,0.1%,0,19,0.1%,0,29,0.1%,0
security credit services llc,48,0.1%,0,12,0.1%,0,36,0.1%,0
wcp laboratories inc,47,0.1%,0,0,0.0%,0,47,0.1%,0
discover bank c/o discover products inc,47,0.1%,0,39,0.3%,0,8,0.0%,0
board of trustees of north kansas city hospital,47,0.1%,0,26,0.2%,0,21,0.0%,0
citibank n a,46,0.1%,0,35,0.2%,0,11,0.0%,0
td bank usa n.a. (target),46,0.1%,0,39,0.3%,0,7,0.0%,0
portfolio recovery associate llc,45,0.1%,0,3,0.0%,0,42,0.1%,0
provider plus inc,44,0.1%,0,21,0.1%,0,23,0.0%,0
washington university physicians network,43,0.1%,0,1,0.0%,0,42,0.1%,0
crmc d/b/a crp and crmc,41,0.1%,0,0,0.0%,0,41,0.1%,0
midland credit mgt,40,0.1%,0,3,0.0%,0,37,0.1%,0
world finance corp,39,0.1%,0,2,0.0%,0,37,0.1%,0
pyod llc,38,0.1%,0,18,0.1%,0,20,0.0%,0
moberly hospital company llc d/b/a moberly regional medical,38,0.1%,0,1,0.0%,0,37,0.1%,0
moberly hospital co llc dba moberly regional medical,38,0.1%,0,6,0.0%,0,32,0.1%,0
portfolio recoverry associates llc,38,0.1%,0,26,0.2%,0,12,0.0%,0
u.s. bank national association,37,0.1%,0,16,0.1%,0,21,0.0%,0
portfolio recovery assoc.,37,0.1%,0,0,0.0%,0,37,0.1%,0
genesis health clubs inc,36,0.1%,0,2,0.0%,0,34,0.1%,0
kirksville missouri hospital company l.l.c,35,0.1%,0,25,0.2%,0,10,0.0%,0
midwest ent centre p.c.,35,0.1%,0,3,0.0%,0,32,0.1%,0
kmhc llc d/b/a nrmc,35,0.1%,0,0,0.0%,0,35,0.1%,0
university of kansas hospital,34,0.1%,0,22,0.1%,0,12,0.0%,0
first portfolio ventures i llc,33,0.0%,0,3,0.0%,0,30,0.1%,0
absolute resolutions corporation,33,0.0%,0,3,0.0%,0,30,0.1%,0
moberly hospital company l.l.c.,33,0.0%,0,7,0.0%,0,26,0.0%,0
cash link usa llc d/b/a cash link usa,33,0.0%,0,7,0.0%,0,26,0.0%,0
cass regional medical center,32,0.0%,0,0,0.0%,0,32,0.1%,0
st lukes hospital,32,0.0%,0,2,0.0%,0,30,0.1%,0
heights finance corporation,32,0.0%,0,2,0.0%,0,30,0.1%,0
commerce bank,31,0.0%,0,2,0.0%,0,29,0.1%,0
orthopedic associates llc,31,0.0%,0,2,0.0%,0,29,0.1%,0
together credit union,31,0.0%,0,10,0.1%,0,21,0.0%,0
northeast missouri ambulatory surgery center llc,31,0.0%,0,9,0.1%,0,22,0.0%,0
northeast mo ambulatory surgery center llc,31,0.0%,0,1,0.0%,0,30,0.1%,0
first bank,30,0.0%,0,7,0.0%,0,23,0.0%,0
credit bureau services llc,30,0.0%,0,3,0.0%,0,27,0.1%,0
st. louis university d/b/a slucare,30,0.0%,0,0,0.0%,0,30,0.1%,0
signature behavioral hospital operations llc,30,0.0%,0,10,0.1%,0,20,0.0%,0
midwestern health management,30,0.0%,0,19,0.1%,0,11,0.0%,0
cks prime investments llc,29,0.0%,0,8,0.1%,0,21,0.0%,0
st.louis university,29,0.0%,0,0,0.0%,0,29,0.1%,0
consumer adjustment co inc,29,0.0%,0,1,0.0%,0,28,0.1%,0
easy cash asap llc,28,0.0%,0,24,0.2%,0,4,0.0%,0
ste. genevieve county memorial hospital,28,0.0%,0,5,0.0%,0,23,0.0%,0
midland credit mgt inc,28,0.0%,0,0,0.0%,0,28,0.1%,0
capital region medical center dba capital region physicians-,28,0.0%,0,0,0.0%,0,28,0.1%,0
kirksville missouri hospital company,27,0.0%,0,2,0.0%,0,25,0.0%,0
credit bureau service llc,27,0.0%,0,1,0.0%,0,26,0.0%,0
curl hark & holliday llc,26,0.0%,0,4,0.0%,0,22,0.0%,0
capital one  usa na,26,0.0%,0,0,0.0%,0,26,0.0%,0
vintage landing condominium poa  inc,26,0.0%,0,0,0.0%,0,26,0.0%,0
jefferson capital system llc,26,0.0%,0,3,0.0%,0,23,0.0%,0
cbc inc d/b/a amsaaogjjpmha,26,0.0%,0,0,0.0%,0,26,0.0%,0
phelps health fka phelps county regional medical center,25,0.0%,0,1,0.0%,0,24,0.0%,0
midland creditmanagement inc,25,0.0%,0,0,0.0%,0,25,0.0%,0
msw capital llc,24,0.0%,0,3,0.0%,0,21,0.0%,0
northwest arkansas hospitals llc,24,0.0%,0,1,0.0%,0,23,0.0%,0
24 hour check cashing inc,24,0.0%,0,0,0.0%,0,24,0.0%,0
portfolio recovery assocaites llc,24,0.0%,0,8,0.1%,0,16,0.0%,0
golden valley memorial hospital district d/b/a gvmh,24,0.0%,0,13,0.1%,0,11,0.0%,0
portfolio recovery associates llc - treena st san diego ca,24,0.0%,0,1,0.0%,0,23,0.0%,0
portfolio recovery associates llc - california,24,0.0%,0,4,0.0%,0,20,0.0%,0
absolute resolutions investments lcc,23,0.0%,0,1,0.0%,0,22,0.0%,0
portfolio recovery associated llc,23,0.0%,0,1,0.0%,0,22,0.0%,0
lvnv funding llc st louis,23,0.0%,0,13,0.1%,0,10,0.0%,0
kirksville missouri hospital co llc,22,0.0%,0,9,0.1%,0,13,0.0%,0
cardinal loans llc,22,0.0%,0,9,0.1%,0,13,0.0%,0
just say cash llc,22,0.0%,0,0,0.0%,0,22,0.0%,0
midland credit management inc - st louis,22,0.0%,0,2,0.0%,0,20,0.0%,0
hcch med group,22,0.0%,0,18,0.1%,0,4,0.0%,0
velocity investment llc,22,0.0%,0,8,0.1%,0,14,0.0%,0
ncb management services,21,0.0%,0,2,0.0%,0,19,0.0%,0
archerfield funding llc,21,0.0%,0,9,0.1%,0,12,0.0%,0
the hannibal clinic inc,21,0.0%,0,0,0.0%,0,21,0.0%,0
simmons bank,21,0.0%,0,3,0.0%,0,18,0.0%,0
jhpde finance i llc,21,0.0%,0,6,0.0%,0,15,0.0%,0
pca acquisitions v llc,21,0.0%,0,9,0.1%,0,12,0.0%,0
phelps health,21,0.0%,0,0,0.0%,0,21,0.0%,0
four seasons lakesites poa,21,0.0%,0,0,0.0%,0,21,0.0%,0
credit bureau services llc assignee of stoddard co ambulance,21,0.0%,0,2,0.0%,0,19,0.0%,0
capital one bank usa n.a.,21,0.0%,0,16,0.1%,0,5,0.0%,0
discover  bank,21,0.0%,0,15,0.1%,0,6,0.0%,0
persolve recoveries llc,20,0.0%,0,2,0.0%,0,18,0.0%,0
midland credit mgmt,20,0.0%,0,1,0.0%,0,19,0.0%,0
mm finance llc dba ez money check cashing,20,0.0%,0,7,0.0%,0,13,0.0%,0
first bank a missouri state bank,20,0.0%,0,2,0.0%,0,18,0.0%,0
onemain financial services inc,20,0.0%,0,6,0.0%,0,14,0.0%,0
amg inc d/b/a esse health,20,0.0%,0,1,0.0%,0,19,0.0%,0
bank of america n.a,20,0.0%,0,7,0.0%,0,13,0.0%,0
evergy fka kansas city power and light company,19,0.0%,0,5,0.0%,0,14,0.0%,0
turken & porzenski llc,19,0.0%,0,3,0.0%,0,16,0.0%,0
world acceptance corporation of missouri,19,0.0%,0,5,0.0%,0,14,0.0%,0
the central trust bank,18,0.0%,0,2,0.0%,0,16,0.0%,0
american multispecialty group inc d/b/a esse health,18,0.0%,0,0,0.0%,0,18,0.0%,0
world acceptance corp,18,0.0%,0,10,0.1%,0,8,0.0%,0
chariton co ambulance district,18,0.0%,0,8,0.1%,0,10,0.0%,0
tbf financial llc,18,0.0%,0,7,0.0%,0,11,0.0%,0
portfolio recovery associates llc - 707 n 2nd st,18,0.0%,0,0,0.0%,0,18,0.0%,0
poplar bluff regional medical center inc,18,0.0%,0,0,0.0%,0,18,0.0%,0
jh cx liquidating trust,18,0.0%,0,16,0.1%,0,2,0.0%,0
university of kansas hospital authority,18,0.0%,0,18,0.1%,0,0,0.0%,0
phelps county regional medical center,17,0.0%,0,12,0.1%,0,5,0.0%,0
st louis university d/b/a slucare,17,0.0%,0,0,0.0%,0,17,0.0%,0
deca realty co.,17,0.0%,0,0,0.0%,0,17,0.0%,0
lake st louis community association,17,0.0%,0,0,0.0%,0,17,0.0%,0
citibank,17,0.0%,0,4,0.0%,0,13,0.0%,0
midland funding,17,0.0%,0,4,0.0%,0,13,0.0%,0
jp morgan chase bank n.a. - chicago,17,0.0%,0,6,0.0%,0,11,0.0%,0
professional credit management inc petitioner,17,0.0%,0,1,0.0%,0,16,0.0%,0
midwestern health management inc - c/o david schmitt,17,0.0%,0,15,0.1%,0,2,0.0%,0
city bank na,17,0.0%,0,7,0.0%,0,10,0.0%,0
portfolio recovery  associates llc,17,0.0%,0,5,0.0%,0,12,0.0%,0
rectal diagnostic and treatment center inc,16,0.0%,0,0,0.0%,0,16,0.0%,0
1st financial bank usa,16,0.0%,0,4,0.0%,0,12,0.0%,0
world acceptance corp of mo,16,0.0%,0,3,0.0%,0,13,0.0%,0
credit corp solutions,16,0.0%,0,1,0.0%,0,15,0.0%,0
ste. genevieve county memorial hosp.,16,0.0%,0,0,0.0%,0,16,0.0%,0
portfolio recovery associates llc - st louis,16,0.0%,0,0,0.0%,0,16,0.0%,0
cbs llc aaocrg,16,0.0%,0,8,0.1%,0,8,0.0%,0
jpmorgan chase bank na,16,0.0%,0,15,0.1%,0,1,0.0%,0
lvnv funding llc - chicago,15,0.0%,0,1,0.0%,0,14,0.0%,0
hermann area district hospital,15,0.0%,0,2,0.0%,0,13,0.0%,0
john fitzgibbon memorial hospital,15,0.0%,0,0,0.0%,0,15,0.0%,0
jefferson capital systems,15,0.0%,0,0,0.0%,0,15,0.0%,0
portfolio recovery assoc llc,15,0.0%,0,0,0.0%,0,15,0.0%,0
poplar bluff reg med ctr llc d/b/a poplar bluff reg med ctr,15,0.0%,0,4,0.0%,0,11,0.0%,0
phoenix urology of st joseph. inc,15,0.0%,0,9,0.1%,0,6,0.0%,0
ethans apartment management llc,15,0.0%,0,9,0.1%,0,6,0.0%,0
midland credit management inc-ia,15,0.0%,0,6,0.0%,0,9,0.0%,0
housing authority of stl county,15,0.0%,0,15,0.1%,0,0,0.0%,0
brookwood loans of missouri llc,14,0.0%,0,2,0.0%,0,12,0.0%,0
signature medical group of kc pc,14,0.0%,0,5,0.0%,0,9,0.0%,0
amg inc dba esse health,14,0.0%,0,0,0.0%,0,14,0.0%,0
credit bureau services inc,14,0.0%,0,0,0.0%,0,14,0.0%,0
mercury surgery center llc,14,0.0%,0,8,0.1%,0,6,0.0%,0
jpmorgan chase bank,13,0.0%,0,9,0.1%,0,4,0.0%,0
citibank  n a,13,0.0%,0,6,0.0%,0,7,0.0%,0
ozark central ambulance district,13,0.0%,0,0,0.0%,0,13,0.0%,0
wasinger parham lc,13,0.0%,0,0,0.0%,0,13,0.0%,0
mhc llc d/b/a mrmc,13,0.0%,0,0,0.0%,0,13,0.0%,0
webster ambulatory surgery center l.p.,13,0.0%,0,1,0.0%,0,12,0.0%,0
perry county health systems d/b/a perry county memorial hosp,13,0.0%,0,0,0.0%,0,13,0.0%,0
ncb managements services inc,13,0.0%,0,1,0.0%,0,12,0.0%,0
cavalry spv i llc - st louis,13,0.0%,0,4,0.0%,0,9,0.0%,0
accounts management services,13,0.0%,0,0,0.0%,0,13,0.0%,0
td bank usa na (target),13,0.0%,0,13,0.1%,0,0,0.0%,0
cvi sgp co acquisition trust,12,0.0%,0,2,0.0%,0,10,0.0%,0
st charles hills subdivision,12,0.0%,0,0,0.0%,0,12,0.0%,0
accounts management services a/a/o gjjpmha,12,0.0%,0,0,0.0%,0,12,0.0%,0
university of kansas health systems,12,0.0%,0,0,0.0%,0,12,0.0%,0
cavalry spv 1 llc / st louis,12,0.0%,0,3,0.0%,0,9,0.0%,0
lakewood property owners association inc,12,0.0%,0,1,0.0%,0,11,0.0%,0
the ethans apartment management llc,12,0.0%,0,5,0.0%,0,7,0.0%,0
credit bureau services,12,0.0%,0,0,0.0%,0,12,0.0%,0
portfolio recovery associates - slt 707,12,0.0%,0,0,0.0%,0,12,0.0%,0
northwest arkansas hospital llc faber & brand,12,0.0%,0,4,0.0%,0,8,0.0%,0
north oak financial services inc,12,0.0%,0,5,0.0%,0,7,0.0%,0
dentistry for children,12,0.0%,0,8,0.1%,0,4,0.0%,0
city of kansas city,12,0.0%,0,9,0.1%,0,3,0.0%,0
j.p. morgan chase bank na,12,0.0%,0,11,0.1%,0,1,0.0%,0
st louis university hospital,12,0.0%,0,4,0.0%,0,8,0.0%,0
prairieland fs inc,11,0.0%,0,6,0.0%,0,5,0.0%,0
portfolio recover associates,11,0.0%,0,0,0.0%,0,11,0.0%,0
cavalry spv i llc petitioner,11,0.0%,0,0,0.0%,0,11,0.0%,0
hutchens and stygar group llc,11,0.0%,0,2,0.0%,0,9,0.0%,0
portfolio recovery associates inc,11,0.0%,0,1,0.0%,0,10,0.0%,0
saint louis university d/b/a slucare,11,0.0%,0,5,0.0%,0,6,0.0%,0
poplar bluff regional medical center llc d/b/a poplar bluff,11,0.0%,0,0,0.0%,0,11,0.0%,0
midland funding llc st louis,11,0.0%,0,0,0.0%,0,11,0.0%,0
portfolio recovery associates llc / san diego,11,0.0%,0,0,0.0%,0,11,0.0%,0
slater ambulance district #1,11,0.0%,0,1,0.0%,0,10,0.0%,0
umb bank n.a.,11,0.0%,0,3,0.0%,0,8,0.0%,0
j p morgan chase bank,11,0.0%,0,3,0.0%,0,8,0.0%,0
cash link,11,0.0%,0,7,0.0%,0,4,0.0%,0
joplin metro credit union,11,0.0%,0,5,0.0%,0,6,0.0%,0
credit bureau services as assignee of cape county ambulance,11,0.0%,0,1,0.0%,0,10,0.0%,0
poplar bluff regional medical center llc dba poplar bluff re,11,0.0%,0,2,0.0%,0,9,0.0%,0
perry county memorial hospital petitioner,11,0.0%,0,0,0.0%,0,11,0.0%,0
madison medical center -faberbrand,11,0.0%,0,0,0.0%,0,11,0.0%,0
td bank usa na/target credit card,11,0.0%,0,5,0.0%,0,6,0.0%,0
freeman ambulance services,11,0.0%,0,10,0.1%,0,1,0.0%,0
kirksville mo hospital company llc d/b/a northeast regional,11,0.0%,0,11,0.1%,0,0,0.0%,0
security credit service llc,10,0.0%,0,3,0.0%,0,7,0.0%,0
lvnv funding  llc,10,0.0%,0,7,0.0%,0,3,0.0%,0
the orthopedic center of st. louis llc,10,0.0%,0,0,0.0%,0,10,0.0%,0
a & e futures,10,0.0%,0,0,0.0%,0,10,0.0%,0
pedano o'shea mcgavic & hogenmiller llc,10,0.0%,0,2,0.0%,0,8,0.0%,0
communityamerica credit union,10,0.0%,0,1,0.0%,0,9,0.0%,0
webster university,10,0.0%,0,1,0.0%,0,9,0.0%,0
la crosse lumber company / main,10,0.0%,0,0,0.0%,0,10,0.0%,0
university of kansas,10,0.0%,0,1,0.0%,0,9,0.0%,0
nah llc d/b/a nmcb,10,0.0%,0,0,0.0%,0,10,0.0%,0
lvnv funding llc as assignee of wells fargo,10,0.0%,0,5,0.0%,0,5,0.0%,0
southeast hospital,10,0.0%,0,0,0.0%,0,10,0.0%,0
capital one bank (usa) 707 st louis,10,0.0%,0,0,0.0%,0,10,0.0%,0
creekwood orthodontics,10,0.0%,0,4,0.0%,0,6,0.0%,0
lvnv funding llc - 1000 camera ave,10,0.0%,0,8,0.1%,0,2,0.0%,0
velocity invesements llc,10,0.0%,0,2,0.0%,0,8,0.0%,0
cbc inc d/b/a amsaaogjpmha,10,0.0%,0,1,0.0%,0,9,0.0%,0
velocity invemstments llc,10,0.0%,0,0,0.0%,0,10,0.0%,0
evergy inc,10,0.0%,0,10,0.1%,0,0,0.0%,0
graceland university,9,0.0%,0,2,0.0%,0,7,0.0%,0
baylard billington dempsey & jensen pc,9,0.0%,0,1,0.0%,0,8,0.0%,0
missouri employers mutual insurance company,9,0.0%,0,0,0.0%,0,9,0.0%,0
little hills healthcare l.l.c.,9,0.0%,0,3,0.0%,0,6,0.0%,0
kirksville mo hospital company,9,0.0%,0,0,0.0%,0,9,0.0%,0
calvary spv i llc,9,0.0%,0,3,0.0%,0,6,0.0%,0
midland credit managment inc,9,0.0%,0,1,0.0%,0,8,0.0%,0
wakefield &  associates inc,9,0.0%,0,0,0.0%,0,9,0.0%,0
cardinal loans llc d/b/a cash n go,9,0.0%,0,4,0.0%,0,5,0.0%,0
cdl training service of missouri llc,9,0.0%,0,2,0.0%,0,7,0.0%,0
lvnv funding llc petitioner,9,0.0%,0,4,0.0%,0,5,0.0%,0
credit corp solutions inc a corporation,9,0.0%,0,0,0.0%,0,9,0.0%,0
capital region medical center d/b/a capital region physician,9,0.0%,0,0,0.0%,0,9,0.0%,0
wakefield & associates inc petitioner,9,0.0%,0,2,0.0%,0,7,0.0%,0
world acceptance corporation,9,0.0%,0,3,0.0%,0,6,0.0%,0
freeman surgical center l.l.c.,9,0.0%,0,1,0.0%,0,8,0.0%,0
lvnv funding llc limit liab co,9,0.0%,0,0,0.0%,0,9,0.0%,0
freeman surgical center llc,9,0.0%,0,2,0.0%,0,7,0.0%,0
department stores national bank a banking association,9,0.0%,0,3,0.0%,0,6,0.0%,0
bank of america n a (usa),9,0.0%,0,0,0.0%,0,9,0.0%,0
signature behavioral healthcare,9,0.0%,0,0,0.0%,0,9,0.0%,0
jh met subsidiary b,9,0.0%,0,8,0.1%,0,1,0.0%,0
bank of america st. louis,9,0.0%,0,0,0.0%,0,9,0.0%,0
us bank national association,9,0.0%,0,4,0.0%,0,5,0.0%,0
bright side loans llc,9,0.0%,0,9,0.1%,0,0,0.0%,0
national collegiate student loan trust,9,0.0%,0,7,0.0%,0,2,0.0%,0
phelps daniel,9,0.0%,0,9,0.1%,0,0,0.0%,0
capital one n.a.,8,0.0%,0,6,0.0%,0,2,0.0%,0
cash link llc,8,0.0%,0,0,0.0%,0,8,0.0%,0
advanced surgical associates llc,8,0.0%,0,0,0.0%,0,8,0.0%,0
commerce bank a mo banking corp,8,0.0%,0,0,0.0%,0,8,0.0%,0
st louis university d/b/a slucare columbia,8,0.0%,0,0,0.0%,0,8,0.0%,0
osage ambulance district,8,0.0%,0,0,0.0%,0,8,0.0%,0
onemain financial group llc petitioner,8,0.0%,0,0,0.0%,0,8,0.0%,0
hs financial group llc,8,0.0%,0,0,0.0%,0,8,0.0%,0
credit one llc,8,0.0%,0,1,0.0%,0,7,0.0%,0
world martial arts academy,8,0.0%,0,0,0.0%,0,8,0.0%,0
midland credit management inc petitioner,8,0.0%,0,0,0.0%,0,8,0.0%,0
wakefield &associate inc,8,0.0%,0,0,0.0%,0,8,0.0%,0
student loan solutions llc,8,0.0%,0,3,0.0%,0,5,0.0%,0
world finance corporation,8,0.0%,0,1,0.0%,0,7,0.0%,0
moberly hospital co llc,8,0.0%,0,2,0.0%,0,6,0.0%,0
velocity investments,8,0.0%,0,0,0.0%,0,8,0.0%,0
second round su b llc,8,0.0%,0,0,0.0%,0,8,0.0%,0
great southern bank,8,0.0%,0,1,0.0%,0,7,0.0%,0
evergy,8,0.0%,0,1,0.0%,0,7,0.0%,0
wornall financial services inc,8,0.0%,0,5,0.0%,0,3,0.0%,0
pleasant hollow homeowners association a missouri not-for-p,8,0.0%,0,7,0.0%,0,1,0.0%,0
the empire district electric company,8,0.0%,0,0,0.0%,0,8,0.0%,0
onemain financial,8,0.0%,0,0,0.0%,0,8,0.0%,0
ozark federal credit union,8,0.0%,0,5,0.0%,0,3,0.0%,0
pbrmcllc d/b/a poplar bl. reg med cntr,8,0.0%,0,0,0.0%,0,8,0.0%,0
cavalry spv i,8,0.0%,0,5,0.0%,0,3,0.0%,0
j.p. morgan chase national,8,0.0%,0,1,0.0%,0,7,0.0%,0
midland funding llc - 50265,8,0.0%,0,1,0.0%,0,7,0.0%,0
health care associated emergency physicians llc,7,0.0%,0,0,0.0%,0,7,0.0%,0
sandia resolution company llc,7,0.0%,0,0,0.0%,0,7,0.0%,0
laubert's auto sales llc,7,0.0%,0,1,0.0%,0,6,0.0%,0
maries osage ambulance district,7,0.0%,0,0,0.0%,0,7,0.0%,0
northeast regional medical center,7,0.0%,0,1,0.0%,0,6,0.0%,0
baumann property company inc,7,0.0%,0,1,0.0%,0,6,0.0%,0
amg inc,7,0.0%,0,0,0.0%,0,7,0.0%,0
c.a. clark inc,7,0.0%,0,0,0.0%,0,7,0.0%,0
farmers cooperative services inc,7,0.0%,0,0,0.0%,0,7,0.0%,0
city of o'fallon missouri,7,0.0%,0,1,0.0%,0,6,0.0%,0
title loan company,7,0.0%,0,1,0.0%,0,6,0.0%,0
crhc anesthesia llc,7,0.0%,0,0,0.0%,0,7,0.0%,0
velocity investments llc a limited liability company,7,0.0%,0,2,0.0%,0,5,0.0%,0
women's wellness center inc,7,0.0%,0,1,0.0%,0,6,0.0%,0
columbia public school district,7,0.0%,0,0,0.0%,0,7,0.0%,0
john fitzgibbon memorial hospital inc,7,0.0%,0,0,0.0%,0,7,0.0%,0
national collegiate student loan trust 2006-3,7,0.0%,0,0,0.0%,0,7,0.0%,0
automobile acceptance corp,7,0.0%,0,0,0.0%,0,7,0.0%,0
sundowner financial llc,7,0.0%,0,0,0.0%,0,7,0.0%,0
cach llc a limited liability company,7,0.0%,0,1,0.0%,0,6,0.0%,0
metropolitan saint louis sewer district,7,0.0%,0,0,0.0%,0,7,0.0%,0
deca realty company inc,7,0.0%,0,2,0.0%,0,5,0.0%,0
a&e futures llc,7,0.0%,0,1,0.0%,0,6,0.0%,0
cbs inc aaopcmh,7,0.0%,0,0,0.0%,0,7,0.0%,0
ozark central ambulance distric,7,0.0%,0,0,0.0%,0,7,0.0%,0
specialty foods distribution inc,7,0.0%,0,0,0.0%,0,7,0.0%,0
portfolio recovery associates llc petitioner,7,0.0%,0,0,0.0%,0,7,0.0%,0
genesis health clubs,7,0.0%,0,0,0.0%,0,7,0.0%,0
lvnv funding llc - gamache & myers,7,0.0%,0,0,0.0%,0,7,0.0%,0
citibank na - st louis,7,0.0%,0,3,0.0%,0,4,0.0%,0
midlandfunding llc,7,0.0%,0,0,0.0%,0,7,0.0%,0
second round sub llc - 707 n 2nd ste 308 st louis mo,7,0.0%,0,0,0.0%,0,7,0.0%,0
one main fianancial group,7,0.0%,0,0,0.0%,0,7,0.0%,0
child of god lutheran school,7,0.0%,0,0,0.0%,0,7,0.0%,0
pbrmc llc d/b/a pbrmc,7,0.0%,0,0,0.0%,0,7,0.0%,0
cbc inc d/b/a ams aaogjpmha,7,0.0%,0,1,0.0%,0,6,0.0%,0
credit bureau services of iowa inc,7,0.0%,0,7,0.0%,0,0,0.0%,0
wakefield & associates inc as assignee the new liberty hos,7,0.0%,0,7,0.0%,0,0,0.0%,0
safe haven security inc,7,0.0%,0,7,0.0%,0,0,0.0%,0
kansas state university,6,0.0%,0,3,0.0%,0,3,0.0%,0
golden valley memorial hospital district,6,0.0%,0,3,0.0%,0,3,0.0%,0
swift transportation company,6,0.0%,0,0,0.0%,0,6,0.0%,0
onemain financial group llc successor by merger to,6,0.0%,0,0,0.0%,0,6,0.0%,0
tallman company of sedalia,6,0.0%,0,0,0.0%,0,6,0.0%,0
central trust bank,6,0.0%,0,0,0.0%,0,6,0.0%,0
consumer collection management as assignee of crmc,6,0.0%,0,0,0.0%,0,6,0.0%,0
capital region medical center - kansas city mo,6,0.0%,0,2,0.0%,0,4,0.0%,0
citibank n.a. - stl,6,0.0%,0,0,0.0%,0,6,0.0%,0
stonehaven apartments,6,0.0%,0,0,0.0%,0,6,0.0%,0
the smile company dental care llc,6,0.0%,0,1,0.0%,0,5,0.0%,0
cavalry investments llc,6,0.0%,0,4,0.0%,0,2,0.0%,0
lvnv funding llc - greenville,6,0.0%,0,0,0.0%,0,6,0.0%,0
foley hospital corporation,6,0.0%,0,0,0.0%,0,6,0.0%,0
sander liebert as member of the board of mystic village cond,6,0.0%,0,0,0.0%,0,6,0.0%,0
onemain financial group llc successor by merger to onemain,6,0.0%,0,0,0.0%,0,6,0.0%,0
howard county ambulance district,6,0.0%,0,2,0.0%,0,4,0.0%,0
world acceptance corp of missouri,6,0.0%,0,1,0.0%,0,5,0.0%,0
rev noel t adams mem ambulance dist,6,0.0%,0,0,0.0%,0,6,0.0%,0
icon equities llc,6,0.0%,0,0,0.0%,0,6,0.0%,0
progressive advanced ins,6,0.0%,0,0,0.0%,0,6,0.0%,0
credit bureau services llc aao crg pc,6,0.0%,0,1,0.0%,0,5,0.0%,0
guadalupe centers federal credit union,6,0.0%,0,2,0.0%,0,4,0.0%,0
mm finance llc dba ez money check,6,0.0%,0,2,0.0%,0,4,0.0%,0
capital one bank na,6,0.0%,0,2,0.0%,0,4,0.0%,0
mfa incorporated,6,0.0%,0,2,0.0%,0,4,0.0%,0
onemain financial inc,6,0.0%,0,0,0.0%,0,6,0.0%,0
crmc d/b/a crpacrmc,6,0.0%,0,1,0.0%,0,5,0.0%,0
great plains federal credit union,6,0.0%,0,0,0.0%,0,6,0.0%,0
jefferson capital systems llc chicago il,6,0.0%,0,0,0.0%,0,6,0.0%,0
cbs llc aaocrg - faber and brand,6,0.0%,0,2,0.0%,0,4,0.0%,0
midland credit management inc - west des moines ia,6,0.0%,0,2,0.0%,0,4,0.0%,0
poplar bluff regional medical c0enter,6,0.0%,0,1,0.0%,0,5,0.0%,0
credit bureau services llc aao crgi llc,6,0.0%,0,0,0.0%,0,6,0.0%,0
credit bureau services as assignee of cape radiology group,6,0.0%,0,0,0.0%,0,6,0.0%,0
city of winona,6,0.0%,0,0,0.0%,0,6,0.0%,0
midland funding llc - w des moines ia,6,0.0%,0,1,0.0%,0,5,0.0%,0
novus ag llc,6,0.0%,0,5,0.0%,0,1,0.0%,0
mercury surgery center l.l.c.,6,0.0%,0,3,0.0%,0,3,0.0%,0
freeman health system neosho,6,0.0%,0,0,0.0%,0,6,0.0%,0
credit bureau of columbia inc d/b/a accounts mngment svc,6,0.0%,0,0,0.0%,0,6,0.0%,0
capital one bank n.a.,6,0.0%,0,2,0.0%,0,4,0.0%,0
general john j. pershing memorial hospital association,6,0.0%,0,0,0.0%,0,6,0.0%,0
the board of north kansas city hospital,6,0.0%,0,0,0.0%,0,6,0.0%,0
national collegiate student loan trust 2007-4,6,0.0%,0,2,0.0%,0,4,0.0%,0
jefferson capital systems llc (chicago),6,0.0%,0,0,0.0%,0,6,0.0%,0
the university of kansas health system,6,0.0%,0,0,0.0%,0,6,0.0%,0
jp morgan chase,6,0.0%,0,5,0.0%,0,1,0.0%,0
national collegiate student loan trust 2007-3,6,0.0%,0,2,0.0%,0,4,0.0%,0
jh met subsidiary,6,0.0%,0,6,0.0%,0,0,0.0%,0
health care associated emergency physicians,5,0.0%,0,0,0.0%,0,5,0.0%,0
capital regional medical center,5,0.0%,0,3,0.0%,0,2,0.0%,0
meyer mcclamroch & williams law l.l.c.,5,0.0%,0,0,0.0%,0,5,0.0%,0
the law offices of venus harry llc,5,0.0%,0,0,0.0%,0,5,0.0%,0
american multispecialty group,5,0.0%,0,0,0.0%,0,5,0.0%,0
creve coeur endodontics,5,0.0%,0,0,0.0%,0,5,0.0%,0
the enclaves at alexandria place hoa,5,0.0%,0,0,0.0%,0,5,0.0%,0
mcclain chiropractic inc a missouri corporation,5,0.0%,0,0,0.0%,0,5,0.0%,0
todt cody & fuchs llc fka todt ryan cody & fuchs llc,5,0.0%,0,0,0.0%,0,5,0.0%,0
commercial kitchen services inc,5,0.0%,0,2,0.0%,0,3,0.0%,0
centrec care inc,5,0.0%,0,4,0.0%,0,1,0.0%,0
gfs ii llc,5,0.0%,0,4,0.0%,0,1,0.0%,0
the callaway bank,5,0.0%,0,0,0.0%,0,5,0.0%,0
kirksville missouri hospital co,5,0.0%,0,0,0.0%,0,5,0.0%,0
jefferson capital systems llc / chicago,5,0.0%,0,0,0.0%,0,5,0.0%,0
midland funding llc west des moines,5,0.0%,0,0,0.0%,0,5,0.0%,0
midland funding llc san diego,5,0.0%,0,0,0.0%,0,5,0.0%,0
view high lake apartments llc,5,0.0%,0,0,0.0%,0,5,0.0%,0
second round  lp,5,0.0%,0,0,0.0%,0,5,0.0%,0
matt a. niewald dds llc,5,0.0%,0,0,0.0%,0,5,0.0%,0
ncb management service,5,0.0%,0,0,0.0%,0,5,0.0%,0
ozark tri-county health care consortium,5,0.0%,0,1,0.0%,0,4,0.0%,0
anesthesia associates of kansas city pc,5,0.0%,0,0,0.0%,0,5,0.0%,0
lvnv funding greenville sc suite 500,5,0.0%,0,0,0.0%,0,5,0.0%,0
capital one bank usa na - st louis,5,0.0%,0,0,0.0%,0,5,0.0%,0
cavalry spv illc,5,0.0%,0,0,0.0%,0,5,0.0%,0
capitol one bank (usa) n.a.,5,0.0%,0,0,0.0%,0,5,0.0%,0
cedar county memorial hospital,5,0.0%,0,0,0.0%,0,5,0.0%,0
fayetteville arkansas hospital company llc,5,0.0%,0,1,0.0%,0,4,0.0%,0
midwestern health management inc d/b/a northwest fin. svc.,5,0.0%,0,3,0.0%,0,2,0.0%,0
weber industries inc,5,0.0%,0,1,0.0%,0,4,0.0%,0
capital one na,5,0.0%,0,4,0.0%,0,1,0.0%,0
cavalry spv i llc - west des moines ia,5,0.0%,0,0,0.0%,0,5,0.0%,0
poplar bluff regional medical center - columbia,5,0.0%,0,1,0.0%,0,4,0.0%,0
world acceptance corp of mo - camera ave st louis,5,0.0%,0,0,0.0%,0,5,0.0%,0
dyersburg hospital corporation,5,0.0%,0,0,0.0%,0,5,0.0%,0
m m finance,5,0.0%,0,1,0.0%,0,4,0.0%,0
lvnv funding - chicago il,5,0.0%,0,2,0.0%,0,3,0.0%,0
td bank usa n.a. - st louis,5,0.0%,0,3,0.0%,0,2,0.0%,0
freeman health system petitioner,5,0.0%,0,3,0.0%,0,2,0.0%,0
orthopaedic & sports medicine consultants,5,0.0%,0,0,0.0%,0,5,0.0%,0
national collegiate student loan trust 2006-2,5,0.0%,0,4,0.0%,0,1,0.0%,0
by the blade,5,0.0%,0,2,0.0%,0,3,0.0%,0
chariton county ambulance district,5,0.0%,0,0,0.0%,0,5,0.0%,0
harris & harris,5,0.0%,0,0,0.0%,0,5,0.0%,0
somerset family dentistry,5,0.0%,0,0,0.0%,0,5,0.0%,0
oak bend trustees a missouri not-for-profit corporation,5,0.0%,0,0,0.0%,0,5,0.0%,0
columbia orthopaedic group llp,5,0.0%,0,5,0.0%,0,0,0.0%,0
enclave at richmond place petitioner,5,0.0%,0,0,0.0%,0,5,0.0%,0
pca acquistions v llc,5,0.0%,0,2,0.0%,0,3,0.0%,0
national credit adjusters llc,5,0.0%,0,5,0.0%,0,0,0.0%,0
resurgent receivables llc,5,0.0%,0,5,0.0%,0,0,0.0%,0
truman state university,5,0.0%,0,5,0.0%,0,0,0.0%,0
jh met subsidairy b,5,0.0%,0,5,0.0%,0,0,0.0%,0
state of north dakota by workforce safety & insurance,4,0.0%,98885.51000000001,3,0.0%,50075.9,1,0.0%,48809.61
onemain financial services llc,4,0.0%,0,0,0.0%,0,4,0.0%,0
unifund ccr llc,4,0.0%,0,0,0.0%,0,4,0.0%,0
friedrich law office pc,4,0.0%,0,0,0.0%,0,4,0.0%,0
bothwell anesthesia services,4,0.0%,0,0,0.0%,0,4,0.0%,0
greenstate credit union fka university of iowa credit union,4,0.0%,0,2,0.0%,0,2,0.0%,0
rac jac properties inc,4,0.0%,0,1,0.0%,0,3,0.0%,0
amg  inc d/b/a esse health,4,0.0%,0,0,0.0%,0,4,0.0%,0
zick voss politte & richardson pc,4,0.0%,0,0,0.0%,0,4,0.0%,0
jamie paul dmd ms llc dba washington endodontics,4,0.0%,0,0,0.0%,0,4,0.0%,0
absolute resolutions investements llc,4,0.0%,0,1,0.0%,0,3,0.0%,0
wasc lp d/b/a lsc,4,0.0%,0,0,0.0%,0,4,0.0%,0
dotec corp.,4,0.0%,0,0,0.0%,0,4,0.0%,0
mills west pointe 1 llc,4,0.0%,0,0,0.0%,0,4,0.0%,0
gateway family dentistry llc a limited liability company,4,0.0%,0,0,0.0%,0,4,0.0%,0
lakewood apartments l.p.,4,0.0%,0,0,0.0%,0,4,0.0%,0
meek lumber yard llc,4,0.0%,0,0,0.0%,0,4,0.0%,0
absolute resolutions corp,4,0.0%,0,1,0.0%,0,3,0.0%,0
fox ridge hoa petitioner,4,0.0%,0,0,0.0%,0,4,0.0%,0
todt ryan cody & fuchs llc,4,0.0%,0,0,0.0%,0,4,0.0%,0
dotec corp,4,0.0%,0,0,0.0%,0,4,0.0%,0
woodlake village condominium association,4,0.0%,0,0,0.0%,0,4,0.0%,0
tillman law firm,4,0.0%,0,0,0.0%,0,4,0.0%,0
account resolution corporation,4,0.0%,0,0,0.0%,0,4,0.0%,0
security credit services,4,0.0%,0,0,0.0%,0,4,0.0%,0
accesslex institute d/b/a access group,4,0.0%,0,2,0.0%,0,2,0.0%,0
webcollex llc dba cks financial,4,0.0%,0,0,0.0%,0,4,0.0%,0
lvnv funding llc as assignee of arrow financial svs llc,4,0.0%,0,0,0.0%,0,4,0.0%,0
central bank,4,0.0%,0,0,0.0%,0,4,0.0%,0
little hills healthcare llc dba centerpointe hospital,4,0.0%,0,0,0.0%,0,4,0.0%,0
phoenix urology of st. joseph inc,4,0.0%,0,0,0.0%,0,4,0.0%,0
bank of america/st louis,4,0.0%,0,1,0.0%,0,3,0.0%,0
st. mary's medical center,4,0.0%,0,0,0.0%,0,4,0.0%,0
brookwood loans,4,0.0%,0,0,0.0%,0,4,0.0%,0
the sherwin-williams company,4,0.0%,0,0,0.0%,0,4,0.0%,0
auto-owners insurance company,4,0.0%,0,0,0.0%,0,4,0.0%,0
justine petersen housing & reinvestment corporation,4,0.0%,0,2,0.0%,0,2,0.0%,0
kansas city credit union,4,0.0%,0,2,0.0%,0,2,0.0%,0
sandia resolution co,4,0.0%,0,0,0.0%,0,4,0.0%,0
lawrence memorial hospital,4,0.0%,0,0,0.0%,0,4,0.0%,0
baxter credit union,4,0.0%,0,2,0.0%,0,2,0.0%,0
cardinal loans,4,0.0%,0,1,0.0%,0,3,0.0%,0
deca realty co,4,0.0%,0,0,0.0%,0,4,0.0%,0
mimg lv greenmar llc,4,0.0%,0,0,0.0%,0,4,0.0%,0
summit heights hoa petitioner,4,0.0%,0,0,0.0%,0,4,0.0%,0
ca clark inc,4,0.0%,0,0,0.0%,0,4,0.0%,0
bureaus investment group,4,0.0%,0,1,0.0%,0,3,0.0%,0
wakefield & associated inc,4,0.0%,0,0,0.0%,0,4,0.0%,0
hermitage hills homeowner assn. petitioner,4,0.0%,0,0,0.0%,0,4,0.0%,0
west ridge home owners association of festus inc,4,0.0%,0,0,0.0%,0,4,0.0%,0
investment realty inc,4,0.0%,0,1,0.0%,0,3,0.0%,0
farmers produce exchange of lebanon,4,0.0%,0,0,0.0%,0,4,0.0%,0
world acceptance corp of mo dba world finance corp,4,0.0%,0,0,0.0%,0,4,0.0%,0
bourland james ldds,4,0.0%,0,0,0.0%,0,4,0.0%,0
golden valley memorial hospital,4,0.0%,0,1,0.0%,0,3,0.0%,0
cooperative association no. 52 d/b/a bolivar farmers,4,0.0%,0,0,0.0%,0,4,0.0%,0
midland credit mangement,4,0.0%,0,0,0.0%,0,4,0.0%,0
progressive casualty ins,4,0.0%,0,1,0.0%,0,3,0.0%,0
the urology group p.c.,4,0.0%,0,0,0.0%,0,4,0.0%,0
saint louis univeristy d/b/a slucare,4,0.0%,0,0,0.0%,0,4,0.0%,0
cbs inc aao perry county memorial hospital,4,0.0%,0,0,0.0%,0,4,0.0%,0
cbs llc a/a/o cape radiology group,4,0.0%,0,0,0.0%,0,4,0.0%,0
credit bureau services inc a/a/o perry co memorial hospital,4,0.0%,0,0,0.0%,0,4,0.0%,0
midland funding llc - des moines iowa,4,0.0%,0,0,0.0%,0,4,0.0%,0
credit bureau services llc as assignee of cape radiology,4,0.0%,0,0,0.0%,0,4,0.0%,0
jefferson capital system,4,0.0%,0,3,0.0%,0,1,0.0%,0
department store national bank,4,0.0%,0,3,0.0%,0,1,0.0%,0
lester e cox medical centers d/b/a coxhealth surgery monett,4,0.0%,0,0,0.0%,0,4,0.0%,0
midwestern health management inc petitioner,4,0.0%,0,1,0.0%,0,3,0.0%,0
ozark advances - maryville,4,0.0%,0,0,0.0%,0,4,0.0%,0
siloam springs arkansas hospital,4,0.0%,0,0,0.0%,0,4,0.0%,0
northwest arkansas hospitals llc d/b/a nw med center,4,0.0%,0,0,0.0%,0,4,0.0%,0
lvnv funding llc a limited liability co,4,0.0%,0,1,0.0%,0,3,0.0%,0
credit bureau of columbia inc d/b/a accounts management,4,0.0%,0,2,0.0%,0,2,0.0%,0
onemain finanacial group llc,4,0.0%,0,0,0.0%,0,4,0.0%,0
michael k parsons dds pc,4,0.0%,0,0,0.0%,0,4,0.0%,0
platte clay electric cooperative inc,4,0.0%,0,3,0.0%,0,1,0.0%,0
sextonbendermaher hill & steinman pc,4,0.0%,0,1,0.0%,0,3,0.0%,0
city of richmond,4,0.0%,0,0,0.0%,0,4,0.0%,0
moberly hospital co d/b/a moberly regional medical center,4,0.0%,0,0,0.0%,0,4,0.0%,0
accounts management services a/a/o gen john j.per mha,4,0.0%,0,0,0.0%,0,4,0.0%,0
copperfield residents association a missouri not for profit,4,0.0%,0,0,0.0%,0,4,0.0%,0
blusky restoration contractors dba 1-800-boardup,4,0.0%,0,1,0.0%,0,3,0.0%,0
national collegiate student loan trust 2007-2,4,0.0%,0,1,0.0%,0,3,0.0%,0
simmons first national bank,4,0.0%,0,0,0.0%,0,4,0.0%,0
howard haake llc,4,0.0%,0,4,0.0%,0,0,0.0%,0
american builders & contractors supply co inc,4,0.0%,0,3,0.0%,0,1,0.0%,0
wsfs fsb as trustee for cvi sgp acquis. trust,4,0.0%,0,0,0.0%,0,4,0.0%,0
enclave at richmond place,4,0.0%,0,0,0.0%,0,4,0.0%,0
thurman law firm,4,0.0%,0,0,0.0%,0,4,0.0%,0
nah llc d/b/a northwest medical center,4,0.0%,0,0,0.0%,0,4,0.0%,0
pbrmc inc d/b/a pbrmc,4,0.0%,0,0,0.0%,0,4,0.0%,0
jpmorgan chase bank - chicago il,4,0.0%,0,4,0.0%,0,0,0.0%,0
ssm health st louis university hospital,4,0.0%,0,0,0.0%,0,4,0.0%,0
kirksville missouri hospital co llc d/b/a ne regional med,4,0.0%,0,4,0.0%,0,0,0.0%,0
north brook homes association,4,0.0%,0,4,0.0%,0,0,0.0%,0
foursight capital llc,4,0.0%,0,4,0.0%,0,0,0.0%,0
jefferson capital systems - chicago il,4,0.0%,0,4,0.0%,0,0,0.0%,0
raintree ridge homes association inc,4,0.0%,0,4,0.0%,0,0,0.0%,0
hermitage hills homeowner assn.,4,0.0%,0,4,0.0%,0,0,0.0%,0
st joseph medical center,3,0.0%,0,0,0.0%,0,3,0.0%,0
dnf associates llc,3,0.0%,0,0,0.0%,0,3,0.0%,0
johnson county ambulance district,3,0.0%,0,1,0.0%,0,2,0.0%,0
world acceptance corp. of missouri d/b/a world finance corp.,3,0.0%,0,0,0.0%,0,3,0.0%,0
jefferson bank of missouri,3,0.0%,0,0,0.0%,0,3,0.0%,0
jp morgan chase bank,3,0.0%,0,0,0.0%,0,3,0.0%,0
white briegel & hiatt llc,3,0.0%,0,1,0.0%,0,2,0.0%,0
onemain financial services,3,0.0%,0,0,0.0%,0,3,0.0%,0
portfolio recovery associates llc - san diego,3,0.0%,0,0,0.0%,0,3,0.0%,0
world acceptance corporation of missouri dba world finance,3,0.0%,0,1,0.0%,0,2,0.0%,0
citibank na.,3,0.0%,0,0,0.0%,0,3,0.0%,0
cross creek multifamily apartments lp,3,0.0%,0,0,0.0%,0,3,0.0%,0
battlefield green apartments llc,3,0.0%,0,1,0.0%,0,2,0.0%,0
goralnik realty company llc,3,0.0%,0,0,0.0%,0,3,0.0%,0
south county anesthesia assoc,3,0.0%,0,0,0.0%,0,3,0.0%,0
consumer collection management as assignee of slu,3,0.0%,0,0,0.0%,0,3,0.0%,0
woodward health system llc,3,0.0%,0,0,0.0%,0,3,0.0%,0
ugh i llc,3,0.0%,0,0,0.0%,0,3,0.0%,0
paddock lake condominium association,3,0.0%,0,0,0.0%,0,3,0.0%,0
consumer collection management inc as assignee of,3,0.0%,0,0,0.0%,0,3,0.0%,0
hannibal anesthesia associates llc,3,0.0%,0,1,0.0%,0,2,0.0%,0
world martial arts academy petitioner,3,0.0%,0,0,0.0%,0,3,0.0%,0
the tillman law firm,3,0.0%,0,0,0.0%,0,3,0.0%,0
jp morgan chase bank n a,3,0.0%,0,0,0.0%,0,3,0.0%,0
consumer collection management as assignee of lh health care,3,0.0%,0,0,0.0%,0,3,0.0%,0
coulter lambson llc,3,0.0%,0,0,0.0%,0,3,0.0%,0
renaissance plastic surgery,3,0.0%,0,0,0.0%,0,3,0.0%,0
cks prime investment llc,3,0.0%,0,0,0.0%,0,3,0.0%,0
adams foundation repair & waterproofing inc a mo corp,3,0.0%,0,0,0.0%,0,3,0.0%,0
borden james,3,0.0%,0,0,0.0%,0,3,0.0%,0
borden carrie,3,0.0%,0,0,0.0%,0,3,0.0%,0
pike county r-iii school district,3,0.0%,0,0,0.0%,0,3,0.0%,0
suddarth & koor llc,3,0.0%,0,2,0.0%,0,1,0.0%,0
mfa cooperative association no 130,3,0.0%,0,0,0.0%,0,3,0.0%,0
pgw auto glass llc,3,0.0%,0,0,0.0%,0,3,0.0%,0
the curators of the university of missouri,3,0.0%,0,0,0.0%,0,3,0.0%,0
kirksville missouri hospital co llc d/b/a ne reg med cntr,3,0.0%,0,0,0.0%,0,3,0.0%,0
job finders employment services co / broadway,3,0.0%,0,1,0.0%,0,2,0.0%,0
cockerell & mcintosh pediatrics pc,3,0.0%,0,0,0.0%,0,3,0.0%,0
justine petersen housing and reinvestment corporation,3,0.0%,0,0,0.0%,0,3,0.0%,0
meritas health corporation,3,0.0%,0,0,0.0%,0,3,0.0%,0
kansas city power & light company,3,0.0%,0,0,0.0%,0,3,0.0%,0
bokf na,3,0.0%,0,0,0.0%,0,3,0.0%,0
northwest hospital llc,3,0.0%,0,1,0.0%,0,2,0.0%,0
greenstate credit union,3,0.0%,0,0,0.0%,0,3,0.0%,0
lvnv funding llc gettington,3,0.0%,0,0,0.0%,0,3,0.0%,0
webcollex llc,3,0.0%,0,0,0.0%,0,3,0.0%,0
cavalry portfolio services llc,3,0.0%,0,0,0.0%,0,3,0.0%,0
olathe medical center inc,3,0.0%,0,0,0.0%,0,3,0.0%,0
clear recovery inc petitioner,3,0.0%,0,1,0.0%,0,2,0.0%,0
24 hour check cashing  inc,3,0.0%,0,0,0.0%,0,3,0.0%,0
blue ridge financial services inc,3,0.0%,0,2,0.0%,0,1,0.0%,0
evergy fka kansas city power and light co,3,0.0%,0,1,0.0%,0,2,0.0%,0
credit bureau services llc aao ccpas inc,3,0.0%,0,0,0.0%,0,3,0.0%,0
university of missourikansas city,3,0.0%,0,0,0.0%,0,3,0.0%,0
law offices of susan l. ward llc,3,0.0%,0,2,0.0%,0,1,0.0%,0
cks prime investments,3,0.0%,0,0,0.0%,0,3,0.0%,0
richardson place dgr l.p.,3,0.0%,0,0,0.0%,0,3,0.0%,0
saint louis university dba slucare,3,0.0%,0,0,0.0%,0,3,0.0%,0
columbus square townhouse association petitioner,3,0.0%,0,0,0.0%,0,3,0.0%,0
lakewood apartments lp,3,0.0%,0,0,0.0%,0,3,0.0%,0
progressive casualty insurance co,3,0.0%,0,1,0.0%,0,2,0.0%,0
surgery center partners llc,3,0.0%,0,0,0.0%,0,3,0.0%,0
capital one bank (usa) n.a,3,0.0%,0,0,0.0%,0,3,0.0%,0
metropolitan st louis sewer district petitioner,3,0.0%,0,2,0.0%,0,1,0.0%,0
whpstl llc,3,0.0%,0,0,0.0%,0,3,0.0%,0
,3,0.0%,0,1,0.0%,0,2,0.0%,0
bayberry farms hoa petitioner,3,0.0%,0,0,0.0%,0,3,0.0%,0
pwsd no. 4 of washington county,3,0.0%,0,0,0.0%,0,3,0.0%,0
roberts & roberts llc,3,0.0%,0,0,0.0%,0,3,0.0%,0
dockins broadcast group llc,3,0.0%,0,0,0.0%,0,3,0.0%,0
huelskamp law llc,3,0.0%,0,0,0.0%,0,3,0.0%,0
capital one bank (usa) n.a. - st louis,3,0.0%,0,0,0.0%,0,3,0.0%,0
central methodist university,3,0.0%,0,0,0.0%,0,3,0.0%,0
the urology group pc,3,0.0%,0,1,0.0%,0,2,0.0%,0
capital one bank (usa)  n.a.,3,0.0%,0,0,0.0%,0,3,0.0%,0
electric city emergency physicians llc,3,0.0%,0,0,0.0%,0,3,0.0%,0
mm finance llc petitioner,3,0.0%,0,1,0.0%,0,2,0.0%,0
nevada medical clinic llc,3,0.0%,0,1,0.0%,0,2,0.0%,0
southwest missouri bank,3,0.0%,0,0,0.0%,0,3,0.0%,0
general john j pershing memorial hospital association,3,0.0%,0,0,0.0%,0,3,0.0%,0
st mary's medical center,3,0.0%,0,2,0.0%,0,1,0.0%,0
missouri center for reproductive medicine,3,0.0%,0,1,0.0%,0,2,0.0%,0
ozark anesthesia associates,3,0.0%,0,0,0.0%,0,3,0.0%,0
swann dermatology llc,3,0.0%,0,0,0.0%,0,3,0.0%,0
jhpde spv ii llc,3,0.0%,0,1,0.0%,0,2,0.0%,0
cincinnati insurance company,3,0.0%,0,0,0.0%,0,3,0.0%,0
the urology group,3,0.0%,0,0,0.0%,0,3,0.0%,0
cintas corporation,3,0.0%,0,0,0.0%,0,3,0.0%,0
cbs llc a/a/o cape radiology group pc,3,0.0%,0,0,0.0%,0,3,0.0%,0
perry county health system d/b/a perry county memorial hosp,3,0.0%,0,0,0.0%,0,3,0.0%,0
cape radiology group,3,0.0%,0,0,0.0%,0,3,0.0%,0
credit bureau services llc aao pcmh and pfcc-pcwc,3,0.0%,0,0,0.0%,0,3,0.0%,0
barclays bank delaware - st louis,3,0.0%,0,0,0.0%,0,3,0.0%,0
student loan solutions llc - iowa,3,0.0%,0,0,0.0%,0,3,0.0%,0
bank of america na - 707 n 2nd st st louis,3,0.0%,0,0,0.0%,0,3,0.0%,0
bank of america na - 707 n 2nd st,3,0.0%,0,0,0.0%,0,3,0.0%,0
midland funding llc - crestwood mo,3,0.0%,0,0,0.0%,0,3,0.0%,0
cape radiology group - columbia,3,0.0%,0,0,0.0%,0,3,0.0%,0
missouri delta medical center,3,0.0%,0,1,0.0%,0,2,0.0%,0
lvnv funding llc - anthony porto,3,0.0%,0,2,0.0%,0,1,0.0%,0
brookwood loans of missouri,3,0.0%,0,1,0.0%,0,2,0.0%,0
portfolio recovery llc,3,0.0%,0,0,0.0%,0,3,0.0%,0
decota electrical supply - sikeston mo,3,0.0%,0,0,0.0%,0,3,0.0%,0
washington university physicians,3,0.0%,0,2,0.0%,0,1,0.0%,0
genesis health clubs of springfield llc,3,0.0%,0,0,0.0%,0,3,0.0%,0
service 1 federal credit union,3,0.0%,0,0,0.0%,0,3,0.0%,0
evergy fka kansas city power & light co,3,0.0%,0,1,0.0%,0,2,0.0%,0
salem memorial district hospital,3,0.0%,0,0,0.0%,0,3,0.0%,0
kenagy reed brooksiii,3,0.0%,0,0,0.0%,0,3,0.0%,0
kearney trust company,3,0.0%,0,1,0.0%,0,2,0.0%,0
credit bureau services l.l.c.  as assignee of cape radiolog,3,0.0%,0,0,0.0%,0,3,0.0%,0
selective insurance company of america,3,0.0%,0,1,0.0%,0,2,0.0%,0
empire energy llc,3,0.0%,0,0,0.0%,0,3,0.0%,0
pi corby grove llc,3,0.0%,0,1,0.0%,0,2,0.0%,0
mitchell park plaza equities llc,3,0.0%,0,1,0.0%,0,2,0.0%,0
fox creek homes association,3,0.0%,0,0,0.0%,0,3,0.0%,0
missouri employers mutual ins,3,0.0%,0,1,0.0%,0,2,0.0%,0
citibankn.a.,3,0.0%,0,1,0.0%,0,2,0.0%,0
curry investment company,3,0.0%,0,2,0.0%,0,1,0.0%,0
southwest baptist university,3,0.0%,0,1,0.0%,0,2,0.0%,0
ams a/a/o gjjpmha,3,0.0%,0,0,0.0%,0,3,0.0%,0
kirksville missouri hospital company l.l.c. d/b/a northeast,3,0.0%,0,1,0.0%,0,2,0.0%,0
mhcllc d/b/a moberly reg med cntr,3,0.0%,0,0,0.0%,0,3,0.0%,0
gjjpmha d/b/a pmh,3,0.0%,0,0,0.0%,0,3,0.0%,0
blusky restoration contractors llc fka united services,3,0.0%,0,2,0.0%,0,1,0.0%,0
phelps county  regional medical center d/b/a phelps health,3,0.0%,0,1,0.0%,0,2,0.0%,0
pennial park,3,0.0%,0,0,0.0%,0,3,0.0%,0
absolute resolutions investments inc,3,0.0%,0,0,0.0%,0,3,0.0%,0
woodbury estates homeowners association inc,3,0.0%,0,0,0.0%,0,3,0.0%,0
university of missouri kansas city,3,0.0%,0,2,0.0%,0,1,0.0%,0
national collegiate student loan trust 2004-2,3,0.0%,0,2,0.0%,0,1,0.0%,0
phelps health fka phelps county regional medical center petitioner,3,0.0%,0,3,0.0%,0,0,0.0%,0
citibank n .a.,3,0.0%,0,2,0.0%,0,1,0.0%,0
creditone llc,3,0.0%,0,0,0.0%,0,3,0.0%,0
j p morgan chase bank na,3,0.0%,0,1,0.0%,0,2,0.0%,0
mfa oil company,3,0.0%,0,1,0.0%,0,2,0.0%,0
professional anesthetic care llc,3,0.0%,0,3,0.0%,0,0,0.0%,0
heimsoth erin e,3,0.0%,0,3,0.0%,0,0,0.0%,0
capital one bank (usa)  na,3,0.0%,0,1,0.0%,0,2,0.0%,0
james a nadolski pc,3,0.0%,0,3,0.0%,0,0,0.0%,0
consumer adjustment co,3,0.0%,0,3,0.0%,0,0,0.0%,0
ford motor credit company llc,3,0.0%,0,1,0.0%,0,2,0.0%,0
first community bank,3,0.0%,0,2,0.0%,0,1,0.0%,0
white river health system inc,3,0.0%,0,2,0.0%,0,1,0.0%,0
premier health care llc,3,0.0%,0,2,0.0%,0,1,0.0%,0
university of missouri,3,0.0%,0,3,0.0%,0,0,0.0%,0
summit heights hoa,3,0.0%,0,3,0.0%,0,0,0.0%,0
dci credit services inc,2,0.0%,9377.11,1,0.0%,2527.71,1,0.0%,6849.4
northeast missouri ambulatory surgery center l.l.c.,2,0.0%,0,0,0.0%,0,2,0.0%,0
city of belton,2,0.0%,0,0,0.0%,0,2,0.0%,0
osage valley electric cooperative association,2,0.0%,0,0,0.0%,0,2,0.0%,0
america's car-mart,2,0.0%,0,0,0.0%,0,2,0.0%,0
boss body fitness llc,2,0.0%,0,0,0.0%,0,2,0.0%,0
pettis county ambulance district,2,0.0%,0,0,0.0%,0,2,0.0%,0
moberly hospital company llc petitioner,2,0.0%,0,0,0.0%,0,2,0.0%,0
metro knoxville hma llc,2,0.0%,0,1,0.0%,0,1,0.0%,0
account resolution corporation a/a/o cap reg med ctr,2,0.0%,0,0,0.0%,0,2,0.0%,0
account resolution corporation as assignee of capital region,2,0.0%,0,0,0.0%,0,2,0.0%,0
lohman producers exchange inc,2,0.0%,0,0,0.0%,0,2,0.0%,0
little hills healthcare inc,2,0.0%,0,0,0.0%,0,2,0.0%,0
mm finance a nebraska limited liability company,2,0.0%,0,0,0.0%,0,2,0.0%,0
bandre hunt & snider llc,2,0.0%,0,0,0.0%,0,2,0.0%,0
farmers cooperative services,2,0.0%,0,1,0.0%,0,1,0.0%,0
credit bureau services of iowa inc aao kah,2,0.0%,0,1,0.0%,0,1,0.0%,0
capital region anesthesia,2,0.0%,0,0,0.0%,0,2,0.0%,0
jamie paul dmd ms llc,2,0.0%,0,0,0.0%,0,2,0.0%,0
a & e futures llc,2,0.0%,0,0,0.0%,0,2,0.0%,0
absolute resolutions corporation  chicago il,2,0.0%,0,0,0.0%,0,2,0.0%,0
legends bank,2,0.0%,0,0,0.0%,0,2,0.0%,0
peoples bank,2,0.0%,0,0,0.0%,0,2,0.0%,0
southernside apartments l.p.,2,0.0%,0,0,0.0%,0,2,0.0%,0
the ferman law group llc,2,0.0%,0,0,0.0%,0,2,0.0%,0
blusky restoration contractors,2,0.0%,0,1,0.0%,0,1,0.0%,0
bentwood townhomes i l.p.,2,0.0%,0,0,0.0%,0,2,0.0%,0
mills properties inc,2,0.0%,0,0,0.0%,0,2,0.0%,0
4sh hathaway village llc,2,0.0%,0,0,0.0%,0,2,0.0%,0
first community credit union,2,0.0%,0,0,0.0%,0,2,0.0%,0
hazelwood forest apartments,2,0.0%,0,0,0.0%,0,2,0.0%,0
fm roofing and construction inc,2,0.0%,0,0,0.0%,0,2,0.0%,0
bass company l.l.c.,2,0.0%,0,0,0.0%,0,2,0.0%,0
mills cityview llc,2,0.0%,0,0,0.0%,0,2,0.0%,0
cdl training service of mo llc,2,0.0%,0,0,0.0%,0,2,0.0%,0
old dominion freight line inc,2,0.0%,0,0,0.0%,0,2,0.0%,0
battlefield green apartments llc dba the pavilion apartments,2,0.0%,0,0,0.0%,0,2,0.0%,0
missouri valley college,2,0.0%,0,0,0.0%,0,2,0.0%,0
best roofing and exteriors llc,2,0.0%,0,0,0.0%,0,2,0.0%,0
crossroads college preparatory school,2,0.0%,0,0,0.0%,0,2,0.0%,0
robey building supply llc,2,0.0%,0,0,0.0%,0,2,0.0%,0
northwest arkansas hospital llc,2,0.0%,0,0,0.0%,0,2,0.0%,0
pike county r-iii schools,2,0.0%,0,0,0.0%,0,2,0.0%,0
countryshire master,2,0.0%,0,0,0.0%,0,2,0.0%,0
charlestowne master petitioner,2,0.0%,0,0,0.0%,0,2,0.0%,0
the townhomes at montclair petitioner,2,0.0%,0,0,0.0%,0,2,0.0%,0
stonemoor hoa petitioner,2,0.0%,0,0,0.0%,0,2,0.0%,0
beeny andrew r,2,0.0%,0,0,0.0%,0,2,0.0%,0
heart care institute llc,2,0.0%,0,0,0.0%,0,2,0.0%,0
southpark apartments columbia llc,2,0.0%,0,0,0.0%,0,2,0.0%,0
chateau country club condominium owners association,2,0.0%,0,0,0.0%,0,2,0.0%,0
three creeks restoration corp dba servpro of st. charles cit,2,0.0%,0,0,0.0%,0,2,0.0%,0
the johnson law firm llc,2,0.0%,0,0,0.0%,0,2,0.0%,0
ssb enterprises llc dba jc car care & tire,2,0.0%,0,0,0.0%,0,2,0.0%,0
huntsdale subdivision board of trustees,2,0.0%,0,0,0.0%,0,2,0.0%,0
pc r-iii schools d/b/a pike-lincoln techr,2,0.0%,0,0,0.0%,0,2,0.0%,0
boonslick medical group inc,2,0.0%,0,0,0.0%,0,2,0.0%,0
meek lumber yard dba meeks building center,2,0.0%,0,0,0.0%,0,2,0.0%,0
moberly regional medical center,2,0.0%,0,0,0.0%,0,2,0.0%,0
first financial investment fund iii llc,2,0.0%,0,0,0.0%,0,2,0.0%,0
cvi sgp-co acquisition trust- jared,2,0.0%,0,0,0.0%,0,2,0.0%,0
sun loan company missouri inc a corporation,2,0.0%,0,0,0.0%,0,2,0.0%,0
credit bureau of columbia inc d/b/a  accounts mgmt. servic,2,0.0%,0,0,0.0%,0,2,0.0%,0
tami r. benus c.p.a.,2,0.0%,0,0,0.0%,0,2,0.0%,0
columbia manor inc d/b/a columbia manor care center,2,0.0%,0,0,0.0%,0,2,0.0%,0
centurylink communications llc,2,0.0%,0,0,0.0%,0,2,0.0%,0
nemow insulation co,2,0.0%,0,0,0.0%,0,2,0.0%,0
the central trust bank d/b/a central bank,2,0.0%,0,1,0.0%,0,1,0.0%,0
kirksville missouri hospital co petitioner,2,0.0%,0,1,0.0%,0,1,0.0%,0
moberly hospital company llc d/b/a moberly regional med petitioner,2,0.0%,0,0,0.0%,0,2,0.0%,0
federated mutual insurance company,2,0.0%,0,0,0.0%,0,2,0.0%,0
home oil company,2,0.0%,0,0,0.0%,0,2,0.0%,0
moberly hospital co llc d/b/a moberly regional med center,2,0.0%,0,1,0.0%,0,1,0.0%,0
crown asset man agement llc,2,0.0%,0,0,0.0%,0,2,0.0%,0
cascade capital llc,2,0.0%,0,0,0.0%,0,2,0.0%,0
family medicine specialists,2,0.0%,0,0,0.0%,0,2,0.0%,0
fitzgibbon memorial hospital,2,0.0%,0,0,0.0%,0,2,0.0%,0
anesthesia associates of kansas city inc,2,0.0%,0,0,0.0%,0,2,0.0%,0
st. joseph medical center,2,0.0%,0,0,0.0%,0,2,0.0%,0
providence medical center inc,2,0.0%,0,0,0.0%,0,2,0.0%,0
bokf na dba mobank,2,0.0%,0,1,0.0%,0,1,0.0%,0
midwest regional medical center llc,2,0.0%,0,0,0.0%,0,2,0.0%,0
raintree lake property owners association inc,2,0.0%,0,0,0.0%,0,2,0.0%,0
emporia state university,2,0.0%,0,0,0.0%,0,2,0.0%,0
jh portfolio debt equities llc,2,0.0%,0,1,0.0%,0,1,0.0%,0
lighthouse dental llc,2,0.0%,0,0,0.0%,0,2,0.0%,0
24 hour check cashing,2,0.0%,0,0,0.0%,0,2,0.0%,0
summerset associates llc,2,0.0%,0,0,0.0%,0,2,0.0%,0
university of kansas physicians inc,2,0.0%,0,0,0.0%,0,2,0.0%,0
cleveland tennessee hospital company llc,2,0.0%,0,0,0.0%,0,2,0.0%,0
city of independence,2,0.0%,0,0,0.0%,0,2,0.0%,0
woodgate farm homes association inc,2,0.0%,0,0,0.0%,0,2,0.0%,0
j&m enterprises inc,2,0.0%,0,1,0.0%,0,1,0.0%,0
st. louis county endodontics ltd,2,0.0%,0,0,0.0%,0,2,0.0%,0
kay county oklahoma hospital company llc,2,0.0%,0,0,0.0%,0,2,0.0%,0
heritage heights hoa petitioner,2,0.0%,0,0,0.0%,0,2,0.0%,0
cypress station condominium assn petitioner,2,0.0%,0,0,0.0%,0,2,0.0%,0
manors at hurstborough petitioner,2,0.0%,0,0,0.0%,0,2,0.0%,0
bayfront hma medical center llc,2,0.0%,0,0,0.0%,0,2,0.0%,0
lipton properties vii lp,2,0.0%,0,0,0.0%,0,2,0.0%,0
missouri center for reproductive medicine llc,2,0.0%,0,0,0.0%,0,2,0.0%,0
gammas shield shade tree inc,2,0.0%,0,0,0.0%,0,2,0.0%,0
haines city hma llc,2,0.0%,0,0,0.0%,0,2,0.0%,0
avid acceptance llc aao don brown chevrolet,2,0.0%,0,0,0.0%,0,2,0.0%,0
j & m securities llc,2,0.0%,0,0,0.0%,0,2,0.0%,0
the metropolitan st louis sewer district,2,0.0%,0,1,0.0%,0,1,0.0%,0
maple ridge capital llc,2,0.0%,0,0,0.0%,0,2,0.0%,0
tim bennett plumbing llc,2,0.0%,0,0,0.0%,0,2,0.0%,0
the bank of missouri,2,0.0%,0,0,0.0%,0,2,0.0%,0
silver maple petitioner,2,0.0%,0,0,0.0%,0,2,0.0%,0
capital one bank (usa) n.n.,2,0.0%,0,0,0.0%,0,2,0.0%,0
portfolio recovery associates llc a limited liability compa,2,0.0%,0,0,0.0%,0,2,0.0%,0
providence hoa petitioner,2,0.0%,0,0,0.0%,0,2,0.0%,0
st louis urological surgeons inc,2,0.0%,0,0,0.0%,0,2,0.0%,0
cavalry spv i llc assignee of hsbc bank nevada n. a.,2,0.0%,0,0,0.0%,0,2,0.0%,0
credit bureau services l.l.c. a/a/o cape radiology group,2,0.0%,0,0,0.0%,0,2,0.0%,0
willis james michael,2,0.0%,0,0,0.0%,0,2,0.0%,0
james m. willis p.c.,2,0.0%,0,0,0.0%,0,2,0.0%,0
credit bureau services llc assignee cape cnty ambulance,2,0.0%,0,0,0.0%,0,2,0.0%,0
gregg a. ginsburg m.d. p.c.,2,0.0%,0,0,0.0%,0,2,0.0%,0
credit bureau services inc aao pcmh,2,0.0%,0,0,0.0%,0,2,0.0%,0
cbs a/a/o cape county radiology d/b/a cape radiology group,2,0.0%,0,0,0.0%,0,2,0.0%,0
marler schrum llc,2,0.0%,0,0,0.0%,0,2,0.0%,0
mhc llc d/b/a mrcc,2,0.0%,0,0,0.0%,0,2,0.0%,0
dent a med inc,2,0.0%,0,0,0.0%,0,2,0.0%,0
hilco receivables llc,2,0.0%,0,0,0.0%,0,2,0.0%,0
arc a/a/o ccm hospital,2,0.0%,0,0,0.0%,0,2,0.0%,0
carrol county memorial hospital,2,0.0%,0,0,0.0%,0,2,0.0%,0
lohman producers exchange,2,0.0%,0,0,0.0%,0,2,0.0%,0
lvnv funding llc yamaha rbp tier 3 1h2012,2,0.0%,0,0,0.0%,0,2,0.0%,0
american multispecialty group inc dba esse health,2,0.0%,0,0,0.0%,0,2,0.0%,0
capital region medical center and crmc,2,0.0%,0,1,0.0%,0,1,0.0%,0
absolute resolutions investments ll,2,0.0%,0,0,0.0%,0,2,0.0%,0
ace property and casualty insurance company,2,0.0%,0,0,0.0%,0,2,0.0%,0
j & m accounts llc,2,0.0%,0,0,0.0%,0,2,0.0%,0
midamerica accounts control bureau inc,2,0.0%,0,0,0.0%,0,2,0.0%,0
community memorial hospital district,2,0.0%,0,0,0.0%,0,2,0.0%,0
midland funding llc petitioner,2,0.0%,0,0,0.0%,0,2,0.0%,0
cooperative assoc. no. 52 d/b/a bolivar farmers exchange,2,0.0%,0,0,0.0%,0,2,0.0%,0
ez money check cashing,2,0.0%,0,0,0.0%,0,2,0.0%,0
northwest arkansas hospitals llc dba northwest medical cente,2,0.0%,0,0,0.0%,0,2,0.0%,0
metro emergency transport system,2,0.0%,0,0,0.0%,0,2,0.0%,0
northwest ark hospitals llc dba n west med ctr bentonville,2,0.0%,0,0,0.0%,0,2,0.0%,0
crestview hospital corporation,2,0.0%,0,0,0.0%,0,2,0.0%,0
saber acceptance co llc,2,0.0%,0,0,0.0%,0,2,0.0%,0
queenb television of kansas/missouri llc d/b/a koam-tv,2,0.0%,0,0,0.0%,0,2,0.0%,0
freeman health system & its employees agents&representative,2,0.0%,0,0,0.0%,0,2,0.0%,0
young's garage & towing petitioner,2,0.0%,0,0,0.0%,0,2,0.0%,0
world acceptance corporation of missouri d/b/a world finance,2,0.0%,0,0,0.0%,0,2,0.0%,0
crescent bank and trust,2,0.0%,0,1,0.0%,0,1,0.0%,0
gvmhd d/b/a golden valley memorial hospital,2,0.0%,0,0,0.0%,0,2,0.0%,0
kirksville missouri hospital company llc d/b/a northeast reg,2,0.0%,0,0,0.0%,0,2,0.0%,0
lvnv funding llc as assignee of sears a limited liability co,2,0.0%,0,0,0.0%,0,2,0.0%,0
trojun enterprises llc dba davis electric,2,0.0%,0,0,0.0%,0,2,0.0%,0
city wide construction products co,2,0.0%,0,0,0.0%,0,2,0.0%,0
crown assest management llc,2,0.0%,0,1,0.0%,0,1,0.0%,0
best value mobile storage llc,2,0.0%,0,0,0.0%,0,2,0.0%,0
ols inc,2,0.0%,0,0,0.0%,0,2,0.0%,0
meeks lumber yard llc,2,0.0%,0,0,0.0%,0,2,0.0%,0
st louis university dba slucare,2,0.0%,0,0,0.0%,0,2,0.0%,0
poplar bluff regional med center llc d/b/a poplar bluff reg,2,0.0%,0,0,0.0%,0,2,0.0%,0
kennett hma llc d/b/a twin rivers regional medical center,2,0.0%,0,1,0.0%,0,1,0.0%,0
credit bureau services llc as assignee of pfcc-perry county,2,0.0%,0,0,0.0%,0,2,0.0%,0
credit bureau services inc as assignee of perry co memorial,2,0.0%,0,0,0.0%,0,2,0.0%,0
dutch enterprises inc,2,0.0%,0,0,0.0%,0,2,0.0%,0
steward steel inc,2,0.0%,0,0,0.0%,0,2,0.0%,0
cbs a/a/o cape radiology,2,0.0%,0,0,0.0%,0,2,0.0%,0
absolute resolutions investments llc - st louis,2,0.0%,0,1,0.0%,0,1,0.0%,0
st. francis medical center,2,0.0%,0,0,0.0%,0,2,0.0%,0
jefferson capital systems llc -  chicago,2,0.0%,0,0,0.0%,0,2,0.0%,0
cbs llc a/a/o pemiscot memorial health systems,2,0.0%,0,0,0.0%,0,2,0.0%,0
credit bureau services inc assignee of pemiscot memorial hos,2,0.0%,0,0,0.0%,0,2,0.0%,0
first midwest bank,2,0.0%,0,0,0.0%,0,2,0.0%,0
willow health care inc,2,0.0%,0,0,0.0%,0,2,0.0%,0
166 auto auction llc,2,0.0%,0,0,0.0%,0,2,0.0%,0
janss lumber company llc,2,0.0%,0,0,0.0%,0,2,0.0%,0
accelerated inventory,2,0.0%,0,0,0.0%,0,2,0.0%,0
midland credit mgt inc - gamache & myers,2,0.0%,0,0,0.0%,0,2,0.0%,0
cash link usa - kcmo,2,0.0%,0,0,0.0%,0,2,0.0%,0
nw ar hospitals llc d/b/a nw medical center - bentonville,2,0.0%,0,0,0.0%,0,2,0.0%,0
lester e. cox medical centers - monett,2,0.0%,0,0,0.0%,0,2,0.0%,0
title lenders of missouri inc,2,0.0%,0,1,0.0%,0,1,0.0%,0
ozark advances llc (d/b/a maryville quick cash),2,0.0%,0,0,0.0%,0,2,0.0%,0
fort smith hma llc,2,0.0%,0,0,0.0%,0,2,0.0%,0
nw arkansas hospitals llc,2,0.0%,0,0,0.0%,0,2,0.0%,0
nw ar hospitals l.l.c.,2,0.0%,0,0,0.0%,0,2,0.0%,0
fabick cat,2,0.0%,0,0,0.0%,0,2,0.0%,0
pyod llc a limited liability company,2,0.0%,0,0,0.0%,0,2,0.0%,0
wakefield and associates inc petitioner,2,0.0%,0,0,0.0%,0,2,0.0%,0
poplar bluff regional medical center-faber brand,2,0.0%,0,0,0.0%,0,2,0.0%,0
portfolio recovery associates llc - blitt & gaines,2,0.0%,0,0,0.0%,0,2,0.0%,0
credit bureau services llc aao butler county ems llc,2,0.0%,0,0,0.0%,0,2,0.0%,0
bank of sullivan,2,0.0%,0,0,0.0%,0,2,0.0%,0
crown asset management llc - st. louis,2,0.0%,0,0,0.0%,0,2,0.0%,0
midwestern health management inc - no add,2,0.0%,0,1,0.0%,0,1,0.0%,0
kirksville missouri hospital co l.l.c.,2,0.0%,0,0,0.0%,0,2,0.0%,0
chas c meek lumber co of branson d/b/a meeks building center,2,0.0%,0,0,0.0%,0,2,0.0%,0
sun loan company missouri no 2 inc,2,0.0%,0,1,0.0%,0,1,0.0%,0
salander enterprises llc,2,0.0%,0,0,0.0%,0,2,0.0%,0
atchison hospital,2,0.0%,0,0,0.0%,0,2,0.0%,0
lofts at 415 4410 cayuga equities llc,2,0.0%,0,1,0.0%,0,1,0.0%,0
westlake services llc,2,0.0%,0,0,0.0%,0,2,0.0%,0
commerce bank n.a.,2,0.0%,0,1,0.0%,0,1,0.0%,0
city of k.c. mo. dept of codes admins. et al,2,0.0%,0,0,0.0%,0,2,0.0%,0
timber ridge homeowners association inc,2,0.0%,0,1,0.0%,0,1,0.0%,0
friends university,2,0.0%,0,1,0.0%,0,1,0.0%,0
snowmen inc,2,0.0%,0,0,0.0%,0,2,0.0%,0
cj real estate inc,2,0.0%,0,1,0.0%,0,1,0.0%,0
northland anesthesiology inc,2,0.0%,0,0,0.0%,0,2,0.0%,0
meadowbrook townhouse homes association inc,2,0.0%,0,0,0.0%,0,2,0.0%,0
geiger ready mix co inc,2,0.0%,0,0,0.0%,0,2,0.0%,0
onemain financial services inc f/k/a springleaf financial,2,0.0%,0,0,0.0%,0,2,0.0%,0
credit bureau of columbia inc dba ams,2,0.0%,0,0,0.0%,0,2,0.0%,0
agriservices of brunswick llc,2,0.0%,0,0,0.0%,0,2,0.0%,0
amg  inc,2,0.0%,0,0,0.0%,0,2,0.0%,0
amg llc d/b/a esse health,2,0.0%,0,0,0.0%,0,2,0.0%,0
hackmann lumber company a missouri corporation,2,0.0%,0,0,0.0%,0,2,0.0%,0
carlton glen estates hoa,2,0.0%,0,0,0.0%,0,2,0.0%,0
villages of provence,2,0.0%,0,0,0.0%,0,2,0.0%,0
vanderbilt apartment homes,2,0.0%,0,2,0.0%,0,0,0.0%,0
lake contrary sewer district,2,0.0%,0,0,0.0%,0,2,0.0%,0
midway hauling containers & roll-offs llc,2,0.0%,0,0,0.0%,0,2,0.0%,0
ncslt 2006-1,2,0.0%,0,1,0.0%,0,1,0.0%,0
ncslt 2005-3,2,0.0%,0,1,0.0%,0,1,0.0%,0
sterling jewelers inc,2,0.0%,0,0,0.0%,0,2,0.0%,0
midwest title loans inc,2,0.0%,0,1,0.0%,0,1,0.0%,0
langsford funeral home inc,2,0.0%,0,0,0.0%,0,2,0.0%,0
umb bank na,2,0.0%,0,2,0.0%,0,0,0.0%,0
mhc d/b/a moberly regional medical center,2,0.0%,0,0,0.0%,0,2,0.0%,0
lebanon hma llc,2,0.0%,0,2,0.0%,0,0,0.0%,0
robert west lc,2,0.0%,0,2,0.0%,0,0,0.0%,0
velocity investment llc assignee of ge money bank,2,0.0%,0,1,0.0%,0,1,0.0%,0
oliphant financial llc,2,0.0%,0,2,0.0%,0,0,0.0%,0
cvi sgp- co acquisition trust,2,0.0%,0,0,0.0%,0,2,0.0%,0
four seasons lakesites property owners assoc inc,2,0.0%,0,0,0.0%,0,2,0.0%,0
naples hma llc d/b/a prmc-c,2,0.0%,0,1,0.0%,0,1,0.0%,0
sun loan company missouri inc,2,0.0%,0,1,0.0%,0,1,0.0%,0
camden county public water district #1 petitioner,2,0.0%,0,2,0.0%,0,0,0.0%,0
centerpointe hospital of columbia llc,2,0.0%,0,2,0.0%,0,0,0.0%,0
cash link usa petitioner,2,0.0%,0,1,0.0%,0,1,0.0%,0
columbia orthopaedic group l.l.p.,2,0.0%,0,2,0.0%,0,0,0.0%,0
cbs llc aaoscad,2,0.0%,0,0,0.0%,0,2,0.0%,0
credit bureau services llc a/a/o cape rad grp p.c.,2,0.0%,0,2,0.0%,0,0,0.0%,0
mo delta medical center,2,0.0%,0,0,0.0%,0,2,0.0%,0
cbs llc as assigneee of cape girardeau urology asso inc,2,0.0%,0,0,0.0%,0,2,0.0%,0
ncslt 2007-1,2,0.0%,0,0,0.0%,0,2,0.0%,0
signature medical group of kc p.c.,2,0.0%,0,1,0.0%,0,1,0.0%,0
cbc inc d/b/a amsaaogjjpmh,2,0.0%,0,0,0.0%,0,2,0.0%,0
moberly hospital company,2,0.0%,0,1,0.0%,0,1,0.0%,0
the benson law firm llc,2,0.0%,0,2,0.0%,0,0,0.0%,0
s. foreman realty company l.l.c.,2,0.0%,0,2,0.0%,0,0,0.0%,0
north brook home owners association,2,0.0%,0,2,0.0%,0,0,0.0%,0
jefferson medical group,2,0.0%,0,2,0.0%,0,0,0.0%,0
salisbury ag center inc,2,0.0%,0,2,0.0%,0,0,0.0%,0
overhead door company of quincy inc,2,0.0%,0,0,0.0%,0,2,0.0%,0
willow farm pool and homes association,2,0.0%,0,2,0.0%,0,0,0.0%,0
crown asset management,2,0.0%,0,1,0.0%,0,1,0.0%,0
courtesy loans of missouri inc,2,0.0%,0,2,0.0%,0,0,0.0%,0
northwest financial services,2,0.0%,0,2,0.0%,0,0,0.0%,0
meritrust credit union,2,0.0%,0,2,0.0%,0,0,0.0%,0
capital one bank (usa) n.a. petitioner,2,0.0%,0,2,0.0%,0,0,0.0%,0
the board of trustees of nkc hospital petitioner,2,0.0%,0,2,0.0%,0,0,0.0%,0
td bank usa n.a. petitioner,2,0.0%,0,2,0.0%,0,0,0.0%,0
progressive advanced insurance company,2,0.0%,0,1,0.0%,0,1,0.0%,0
progressive direct insurance company,2,0.0%,0,0,0.0%,0,2,0.0%,0
national collegiate student loan trust 2006-4,2,0.0%,0,0,0.0%,0,2,0.0%,0
national collegiate student loan trust 2006-1,2,0.0%,0,0,0.0%,0,2,0.0%,0
jvm new longview l.l.c.,2,0.0%,0,1,0.0%,0,1,0.0%,0
pi cva llc,2,0.0%,0,1,0.0%,0,1,0.0%,0
cach llc st louis,2,0.0%,0,1,0.0%,0,1,0.0%,0
citibank na stl,2,0.0%,0,0,0.0%,0,2,0.0%,0
simmons 1st bank,2,0.0%,0,0,0.0%,0,2,0.0%,0
bg coffey enterprises inc,2,0.0%,0,0,0.0%,0,2,0.0%,0
ncslt 2007-4,2,0.0%,0,2,0.0%,0,0,0.0%,0
messmer jeffrey s,2,0.0%,0,0,0.0%,0,2,0.0%,0
first national bank,2,0.0%,0,0,0.0%,0,2,0.0%,0
j & l mobile home inc,2,0.0%,0,2,0.0%,0,0,0.0%,0
midland credit management petitioner,2,0.0%,0,0,0.0%,0,2,0.0%,0
national collegiate student loan trust 2005-3,2,0.0%,0,1,0.0%,0,1,0.0%,0
credit bureau service llc-cape radiology group etal,2,0.0%,0,0,0.0%,0,2,0.0%,0
the lakes at lionsgate apartments,2,0.0%,0,2,0.0%,0,0,0.0%,0
coleman equipment inc,2,0.0%,0,2,0.0%,0,0,0.0%,0
tony white enterprises llc,2,0.0%,0,2,0.0%,0,0,0.0%,0
first missouri credit union,2,0.0%,0,2,0.0%,0,0,0.0%,0
umb bank,2,0.0%,0,2,0.0%,0,0,0.0%,0
central bank of the ozarks,2,0.0%,0,2,0.0%,0,0,0.0%,0
bbdj,2,0.0%,0,2,0.0%,0,0,0.0%,0
captial one bank (usa) n.a.,2,0.0%,0,2,0.0%,0,0,0.0%,0
gfg inland elevator & grain llc,2,0.0%,0,2,0.0%,0,0,0.0%,0
hood douglas,2,0.0%,0,2,0.0%,0,0,0.0%,0
bank of america - no address,2,0.0%,0,2,0.0%,0,0,0.0%,0
u s bank national association,2,0.0%,0,2,0.0%,0,0,0.0%,0
stephen c. snitzer d.d.s m.c. p.c.,2,0.0%,0,2,0.0%,0,0,0.0%,0
david s bahar,1,0.0%,0,0,0.0%,0,1,0.0%,0
j.r. dawsen construction inc,1,0.0%,119729.15,1,0.0%,119729.15,0,0.0%,0
ace american insurance company,1,0.0%,0,1,0.0%,0,0,0.0%,0
state of north dakota by and through the office of state tax commissioner,1,0.0%,1400.25,1,0.0%,1400.25,0,0.0%,0
onemain financial group llc-no add,1,0.0%,0,1,0.0%,0,0,0.0%,0
results real estate services llc,1,0.0%,0,0,0.0%,0,1,0.0%,0
northwest arkansas hospitals llc dba northwest medical,1,0.0%,0,0,0.0%,0,1,0.0%,0
health care associated er physicians,1,0.0%,0,0,0.0%,0,1,0.0%,0
foundation finance company,1,0.0%,0,0,0.0%,0,1,0.0%,0
whistlestop pediatrics,1,0.0%,0,0,0.0%,0,1,0.0%,0
miami county medical center inc,1,0.0%,0,0,0.0%,0,1,0.0%,0
burton creek medical rural clinic,1,0.0%,0,0,0.0%,0,1,0.0%,0
star companies inc,1,0.0%,0,0,0.0%,0,1,0.0%,0
warrensburg wellness llc,1,0.0%,0,0,0.0%,0,1,0.0%,0
mgc leasing and property management llc,1,0.0%,0,0,0.0%,0,1,0.0%,0
mm finance llc dba ez money check cashing - no add,1,0.0%,0,0,0.0%,0,1,0.0%,0
johnson county wastewater,1,0.0%,0,0,0.0%,0,1,0.0%,0
mason's construction company inc d/b/a screen warehouse,1,0.0%,0,0,0.0%,0,1,0.0%,0
south central kansas city surgical center llc,1,0.0%,0,0,0.0%,0,1,0.0%,0
midwest orthopaedics pa,1,0.0%,0,0,0.0%,0,1,0.0%,0
credit bureau service a/a/o cape radiology group pc petitioner,1,0.0%,0,0,0.0%,0,1,0.0%,0
progressive casualty insurance,1,0.0%,0,0,0.0%,0,1,0.0%,0
accounts management a division of credit bureau of columbia,1,0.0%,0,0,0.0%,0,1,0.0%,0
cedar oaks surgery center llc,1,0.0%,0,0,0.0%,0,1,0.0%,0
central bank of sedalia,1,0.0%,0,0,0.0%,0,1,0.0%,0
woodward health system llc dba alliancehealth woodward,1,0.0%,0,0,0.0%,0,1,0.0%,0
midland credit mgmt petitioner,1,0.0%,0,0,0.0%,0,1,0.0%,0
mm finance dba ez money check cashing,1,0.0%,0,0,0.0%,0,1,0.0%,0
consumer collection management as assignee of wupn/slu,1,0.0%,0,0,0.0%,0,1,0.0%,0
progressive northwestern,1,0.0%,0,0,0.0%,0,1,0.0%,0
wooldridge wooldridge & wooldridge llc petitioner,1,0.0%,0,0,0.0%,0,1,0.0%,0
wooldridge wooldridge & wooldridge llc,1,0.0%,0,0,0.0%,0,1,0.0%,0
sc diesel llc,1,0.0%,0,0,0.0%,0,1,0.0%,0
midwest block & brick a midwest products group co a corp,1,0.0%,0,0,0.0%,0,1,0.0%,0
federated mutual insurance co.,1,0.0%,0,0,0.0%,0,1,0.0%,0
community point bank f/k/a community bank of russellville,1,0.0%,0,0,0.0%,0,1,0.0%,0
berlin-wheeler inc a/a/o capital region medical center,1,0.0%,0,0,0.0%,0,1,0.0%,0
call & gentry law group llc,1,0.0%,0,0,0.0%,0,1,0.0%,0
moberly hospital company l.l.c. d/b/a moberly regional hos,1,0.0%,0,0,0.0%,0,1,0.0%,0
united healthcare insurance company,1,0.0%,0,0,0.0%,0,1,0.0%,0
tuscany village llc,1,0.0%,0,0,0.0%,0,1,0.0%,0
central bank of boone county,1,0.0%,0,0,0.0%,0,1,0.0%,0
womens wellness center inc,1,0.0%,0,0,0.0%,0,1,0.0%,0
carver & michael llc,1,0.0%,0,0,0.0%,0,1,0.0%,0
mark keene,1,0.0%,0,0,0.0%,0,1,0.0%,0
kirksville missouri hospital company llc dba northeast regio,1,0.0%,0,0,0.0%,0,1,0.0%,0
pay way feed store,1,0.0%,0,0,0.0%,0,1,0.0%,0
st louis university -ngrand,1,0.0%,0,0,0.0%,0,1,0.0%,0
paul n. cardon dds llc d/b/a stadium dental center,1,0.0%,0,0,0.0%,0,1,0.0%,0
republic services inc,1,0.0%,0,0,0.0%,0,1,0.0%,0
spring lake inc,1,0.0%,0,0,0.0%,0,1,0.0%,0
kirksville manor care nursing,1,0.0%,0,0,0.0%,0,1,0.0%,0
kirksville missouri hospital company l.l.c d/b/a northeast,1,0.0%,0,1,0.0%,0,0,0.0%,0
nbt bank na,1,0.0%,0,0,0.0%,0,1,0.0%,0
saint louis university petitioner,1,0.0%,0,0,0.0%,0,1,0.0%,0
credit bureau services of iowa inc assignee davis cty hosp,1,0.0%,0,0,0.0%,0,1,0.0%,0
scott halley contracting dba washington pools & spas,1,0.0%,0,0,0.0%,0,1,0.0%,0
galaxy international purchasing llc petitioner,1,0.0%,0,0,0.0%,0,1,0.0%,0
student loan solutions llc  des moines ia,1,0.0%,0,0,0.0%,0,1,0.0%,0
briegel white briegel & hiatt llc,1,0.0%,0,0,0.0%,0,1,0.0%,0
st albans owners association inc petitioner,1,0.0%,0,0,0.0%,0,1,0.0%,0
st. albans owners association petitioner,1,0.0%,0,0,0.0%,0,1,0.0%,0
baylard billington & dempsey pc,1,0.0%,0,0,0.0%,0,1,0.0%,0
lakewood apartments lp dba lakewood apartments,1,0.0%,0,0,0.0%,0,1,0.0%,0
brison willie emmet,1,0.0%,0,0,0.0%,0,1,0.0%,0
first portifolio ventures i llc,1,0.0%,0,0,0.0%,0,1,0.0%,0
shelbyville hopsital company llc dba tennova healthcare,1,0.0%,0,0,0.0%,0,1,0.0%,0
nappier construction llc dba shingle tech,1,0.0%,0,0,0.0%,0,1,0.0%,0
florissant glass company,1,0.0%,0,0,0.0%,0,1,0.0%,0
schrader funeral home inc,1,0.0%,0,0,0.0%,0,1,0.0%,0
gemini insurance company,1,0.0%,0,0,0.0%,0,1,0.0%,0
physician services,1,0.0%,0,0,0.0%,0,1,0.0%,0
norwood-redfield court apartments limited partnership,1,0.0%,0,0,0.0%,0,1,0.0%,0
consumer collection management inc as assignee of slu,1,0.0%,0,0,0.0%,0,1,0.0%,0
oak park partners llc,1,0.0%,0,0,0.0%,0,1,0.0%,0
riverwood place condominium association,1,0.0%,0,0,0.0%,0,1,0.0%,0
old republic insurance company,1,0.0%,0,0,0.0%,0,1,0.0%,0
fedex custom critical,1,0.0%,0,0,0.0%,0,1,0.0%,0
xact associates llc,1,0.0%,0,0,0.0%,0,1,0.0%,0
greater st louis oral & maxillofacial surgery pc,1,0.0%,0,0,0.0%,0,1,0.0%,0
norwood redfield apartments ltd partnership,1,0.0%,0,0,0.0%,0,1,0.0%,0
manors at hurstborough,1,0.0%,0,0,0.0%,0,1,0.0%,0
hazelcrest i & ii condominium assoc.,1,0.0%,0,0,0.0%,0,1,0.0%,0
southcrest hoa,1,0.0%,0,0,0.0%,0,1,0.0%,0
maryland oaks hoa,1,0.0%,0,0,0.0%,0,1,0.0%,0
hawkins ridge estates hoa,1,0.0%,0,0,0.0%,0,1,0.0%,0
ashton woods hoa,1,0.0%,0,0,0.0%,0,1,0.0%,0
friend acoustical ceiling co.,1,0.0%,0,0,0.0%,0,1,0.0%,0
american services insurance company,1,0.0%,0,0,0.0%,0,1,0.0%,0
crest financial services llc,1,0.0%,0,0,0.0%,0,1,0.0%,0
progressive universal ins,1,0.0%,0,0,0.0%,0,1,0.0%,0
consumer collection mgmt inc as assignee of lipton prop lp,1,0.0%,0,0,0.0%,0,1,0.0%,0
consumer collection mgmt inc as assignee of slu,1,0.0%,0,0,0.0%,0,1,0.0%,0
weber chevrolet co.,1,0.0%,0,0,0.0%,0,1,0.0%,0
mcguire moving and storage inc,1,0.0%,0,0,0.0%,0,1,0.0%,0
ford hotel supply company inc,1,0.0%,0,0,0.0%,0,1,0.0%,0
account resolution corporation as assignee of st. louis univ,1,0.0%,0,0,0.0%,0,1,0.0%,0
arc a/a/o at lu,1,0.0%,0,0,0.0%,0,1,0.0%,0
degel truck rental llc,1,0.0%,0,0,0.0%,0,1,0.0%,0
state farm bank,1,0.0%,0,0,0.0%,0,1,0.0%,0
creve couer endodontics,1,0.0%,0,0,0.0%,0,1,0.0%,0
cogent inc,1,0.0%,0,0,0.0%,0,1,0.0%,0
mpr supply company,1,0.0%,0,0,0.0%,0,1,0.0%,0
golden sherry,1,0.0%,0,0,0.0%,0,1,0.0%,0
washington furniture sales,1,0.0%,0,0,0.0%,0,1,0.0%,0
paddock forest condominiums town & garden homes association,1,0.0%,0,0,0.0%,0,1,0.0%,0
creative circle llc,1,0.0%,0,0,0.0%,0,1,0.0%,0
century carpet distributors inc,1,0.0%,0,0,0.0%,0,1,0.0%,0
consumer collection management as assignee of hci & wupn,1,0.0%,0,0,0.0%,0,1,0.0%,0
mimg oak park pi llc,1,0.0%,0,0,0.0%,0,1,0.0%,0
consumer collection management inc as assignee of.,1,0.0%,0,0,0.0%,0,1,0.0%,0
essilor of america inc,1,0.0%,0,0,0.0%,0,1,0.0%,0
reliable parts inc,1,0.0%,0,0,0.0%,0,1,0.0%,0
kaemmerlen parts and service inc,1,0.0%,0,0,0.0%,0,1,0.0%,0
metro chiropractic centre inc,1,0.0%,0,0,0.0%,0,1,0.0%,0
brookstone village l.p.,1,0.0%,0,0,0.0%,0,1,0.0%,0
enterprise rent a car-prm,1,0.0%,0,0,0.0%,0,1,0.0%,0
william woods university,1,0.0%,0,0,0.0%,0,1,0.0%,0
robert a. levy dmd llc,1,0.0%,0,0,0.0%,0,1,0.0%,0
j&m enterprises inc dba car craft auto body,1,0.0%,0,0,0.0%,0,1,0.0%,0
first mercy insurance company,1,0.0%,0,0,0.0%,0,1,0.0%,0
rancho manor healthcare & rehab llc,1,0.0%,0,0,0.0%,0,1,0.0%,0
waste management of missouri inc a corporation,1,0.0%,0,0,0.0%,0,1,0.0%,0
metropolitan st. louis sewer district petitioner,1,0.0%,0,0,0.0%,0,1,0.0%,0
adactin group pty. ltd.,1,0.0%,0,0,0.0%,0,1,0.0%,0
trotwood downs brittany townhomes,1,0.0%,0,0,0.0%,0,1,0.0%,0
baumann property company inc d/b/a hillcrest apartments,1,0.0%,0,0,0.0%,0,1,0.0%,0
lackland plaza l.p.,1,0.0%,0,0,0.0%,0,1,0.0%,0
the lipton group inc,1,0.0%,0,0,0.0%,0,1,0.0%,0
kh lakes investments llc,1,0.0%,0,0,0.0%,0,1,0.0%,0
ridgetop manor llc,1,0.0%,0,0,0.0%,0,1,0.0%,0
johnson controls fire protection lp,1,0.0%,0,0,0.0%,0,1,0.0%,0
moberly hospital co dba moberly regional medical center,1,0.0%,0,0,0.0%,0,1,0.0%,0
cvi sgp-co acquisition trust jared,1,0.0%,0,0,0.0%,0,1,0.0%,0
lvnv funding assignee of bank of america,1,0.0%,0,0,0.0%,0,1,0.0%,0
affinity hospital llc,1,0.0%,0,0,0.0%,0,1,0.0%,0
midwest acceptance corporation,1,0.0%,0,0,0.0%,0,1,0.0%,0
countryshire multifamily petitioner,1,0.0%,0,0,0.0%,0,1,0.0%,0
manors at wilmer valley petitioner,1,0.0%,0,0,0.0%,0,1,0.0%,0
the sherwin williams company a corporation,1,0.0%,0,0,0.0%,0,1,0.0%,0
kingston terrace condominium assoc. petitioner,1,0.0%,0,0,0.0%,0,1,0.0%,0
riverdale hoa petitioner,1,0.0%,0,0,0.0%,0,1,0.0%,0
heritage pointe hoa petitioner,1,0.0%,0,0,0.0%,0,1,0.0%,0
queensbrooke village townhomes association,1,0.0%,0,0,0.0%,0,1,0.0%,0
crosby law llc,1,0.0%,0,0,0.0%,0,1,0.0%,0
flesner wentzel llc,1,0.0%,0,0,0.0%,0,1,0.0%,0
the family law group llc,1,0.0%,0,0,0.0%,0,1,0.0%,0
custom floors of stl llc,1,0.0%,0,0,0.0%,0,1,0.0%,0
pedano o'sheamcgavic & hogenmller llc,1,0.0%,0,0,0.0%,0,1,0.0%,0
knight law llc,1,0.0%,0,0,0.0%,0,1,0.0%,0
chateau country club townhomes association,1,0.0%,0,0,0.0%,0,1,0.0%,0
gateway bobcat of missouri inc,1,0.0%,0,0,0.0%,0,1,0.0%,0
credit bureau services a/a/o big river telephone company llc,1,0.0%,0,0,0.0%,0,1,0.0%,0
oak tree associates l.p,1,0.0%,0,0,0.0%,0,1,0.0%,0
big bend apartments llc,1,0.0%,0,0,0.0%,0,1,0.0%,0
slucare,1,0.0%,0,0,0.0%,0,1,0.0%,0
patriot rentals & equipment llc,1,0.0%,0,0,0.0%,0,1,0.0%,0
american airlines group inc,1,0.0%,0,0,0.0%,0,1,0.0%,0
axiom acquisition ventures llc,1,0.0%,0,0,0.0%,0,1,0.0%,0
aging well health care llc dba aw health care,1,0.0%,0,0,0.0%,0,1,0.0%,0
asher gentry,1,0.0%,0,0,0.0%,0,1,0.0%,0
fairway capital l.l.c.,1,0.0%,0,0,0.0%,0,1,0.0%,0
e-quip rental and sales llc,1,0.0%,0,0,0.0%,0,1,0.0%,0
ccm inc as assignee of boonslick med grp inc & psycare inc,1,0.0%,0,0,0.0%,0,1,0.0%,0
bramblett hills apartments,1,0.0%,0,0,0.0%,0,1,0.0%,0
kohrs truck and auto repair inc,1,0.0%,0,0,0.0%,0,1,0.0%,0
consr collection mngmt as assignee of wupn & mills w pointe,1,0.0%,0,0,0.0%,0,1,0.0%,0
credit bureau services llc as assignee,1,0.0%,0,0,0.0%,0,1,0.0%,0
heritage hills townhomes owners' association,1,0.0%,0,0,0.0%,0,1,0.0%,0
homefield commons association petitioner,1,0.0%,0,0,0.0%,0,1,0.0%,0
prosper funding llc,1,0.0%,0,0,0.0%,0,1,0.0%,0
park charles so. condominium assn petitioner,1,0.0%,0,0,0.0%,0,1,0.0%,0
newcomer funeral service group inc d/b/a newcomer crematio,1,0.0%,0,0,0.0%,0,1,0.0%,0
convergence receivables lc,1,0.0%,0,0,0.0%,0,1,0.0%,0
high tech national llc,1,0.0%,0,0,0.0%,0,1,0.0%,0
waterways apartments lp,1,0.0%,0,0,0.0%,0,1,0.0%,0
st charles county collections llc,1,0.0%,0,0,0.0%,0,1,0.0%,0
heritage pointe villas petitioner,1,0.0%,0,0,0.0%,0,1,0.0%,0
villas at willott square hoa petitioner,1,0.0%,0,0,0.0%,0,1,0.0%,0
carlton glen estates hoa petitioner,1,0.0%,0,0,0.0%,0,1,0.0%,0
current trends inc,1,0.0%,0,0,0.0%,0,1,0.0%,0
thrifty car rental,1,0.0%,0,0,0.0%,0,1,0.0%,0
sun loan company missouri no 2 inc a corporation,1,0.0%,0,0,0.0%,0,1,0.0%,0
randy sprock d.b.a. star farms,1,0.0%,0,0,0.0%,0,1,0.0%,0
hillside auto repair,1,0.0%,0,0,0.0%,0,1,0.0%,0
onemain financal group llc asf wells fargo bank na,1,0.0%,0,0,0.0%,0,1,0.0%,0
title loan company dba the loan machine,1,0.0%,0,0,0.0%,0,1,0.0%,0
peak farms,1,0.0%,0,0,0.0%,0,1,0.0%,0
american multispecialty group inc d/b/a esse heatlh,1,0.0%,0,0,0.0%,0,1,0.0%,0
boyce & bynum pathology laboratories pc,1,0.0%,0,0,0.0%,0,1,0.0%,0
wolters kluwer clinical drug information inc,1,0.0%,0,0,0.0%,0,1,0.0%,0
mid-city lumber company ltd.,1,0.0%,0,0,0.0%,0,1,0.0%,0
shirtworks & more,1,0.0%,0,0,0.0%,0,1,0.0%,0
columbia landcare llc,1,0.0%,0,0,0.0%,0,1,0.0%,0
eldercare of mid-missouri x inc,1,0.0%,0,0,0.0%,0,1,0.0%,0
mills gate house llc,1,0.0%,0,0,0.0%,0,1,0.0%,0
foley hospital corp d/b/a south baldwin regional medical cen,1,0.0%,0,0,0.0%,0,1,0.0%,0
mm finance llc d/b/a ez money check cashing,1,0.0%,0,0,0.0%,0,1,0.0%,0
navy federal credit union,1,0.0%,0,0,0.0%,0,1,0.0%,0
wilkes-barre hospital company llc d/b/a wilkes-barre genera,1,0.0%,0,0,0.0%,0,1,0.0%,0
kirksville missouri hospital co. llc d/b/a northeast region,1,0.0%,0,0,0.0%,0,1,0.0%,0
commerce bank a missouri banking corp,1,0.0%,0,0,0.0%,0,1,0.0%,0
onemain financial group llc successor by merger to springlea,1,0.0%,0,0,0.0%,0,1,0.0%,0
greenstate credit union fka u of iowa credit union,1,0.0%,0,0,0.0%,0,1,0.0%,0
cedar rapids partners lp,1,0.0%,0,0,0.0%,0,1,0.0%,0
wakefield and associates jc,1,0.0%,0,0,0.0%,0,1,0.0%,0
johnson controls inc d/b/a york,1,0.0%,0,0,0.0%,0,1,0.0%,0
consumer collection mngmnt as assignee of crmc,1,0.0%,0,0,0.0%,0,1,0.0%,0
krcg tv a subdiary of sinclair broadcasting a corp,1,0.0%,0,0,0.0%,0,1,0.0%,0
central concrete materials llc,1,0.0%,0,0,0.0%,0,1,0.0%,0
americas car-mart inc a corp,1,0.0%,0,0,0.0%,0,1,0.0%,0
mogene lc,1,0.0%,0,0,0.0%,0,1,0.0%,0
centurytel of mo llc d/b/a centurylink,1,0.0%,0,0,0.0%,0,1,0.0%,0
kirksville missouri hospital co. l.l.c. d/b/a northeast,1,0.0%,0,0,0.0%,0,1,0.0%,0
citibank (usa) n.a. f/k/a hurley state bank a banking corp,1,0.0%,0,0,0.0%,0,1,0.0%,0
saber acceptance co llc  a limited liability company,1,0.0%,0,0,0.0%,0,1,0.0%,0
hays medical center inc,1,0.0%,0,0,0.0%,0,1,0.0%,0
m.f.a. oil company a corporation,1,0.0%,0,0,0.0%,0,1,0.0%,0
zimmer radio & marketing group,1,0.0%,0,0,0.0%,0,1,0.0%,0
jhpde finance i llc a limited liability company,1,0.0%,0,0,0.0%,0,1,0.0%,0
central trust bank d/b/a central bank,1,0.0%,0,0,0.0%,0,1,0.0%,0
harts diesel inc,1,0.0%,0,0,0.0%,0,1,0.0%,0
inovatia laboratories llc,1,0.0%,0,0,0.0%,0,1,0.0%,0
evergreen bank group,1,0.0%,0,0,0.0%,0,1,0.0%,0
flaspohler frank robert,1,0.0%,0,0,0.0%,0,1,0.0%,0
lvnv funding llc - greenville sc,1,0.0%,0,0,0.0%,0,1,0.0%,0
moberly hospital inc d/b/a moberly regional medical center,1,0.0%,0,0,0.0%,0,1,0.0%,0
barclays bank delaware / st louis,1,0.0%,0,0,0.0%,0,1,0.0%,0
bernard family trust dated january 4 2008,1,0.0%,0,0,0.0%,0,1,0.0%,0
jhpdefinance i llc,1,0.0%,0,0,0.0%,0,1,0.0%,0
accounts management services petitioner,1,0.0%,0,0,0.0%,0,1,0.0%,0
bbk apartments,1,0.0%,0,0,0.0%,0,1,0.0%,0
wirken law firm llc,1,0.0%,0,0,0.0%,0,1,0.0%,0
ent associates of greater kansas city pc,1,0.0%,0,0,0.0%,0,1,0.0%,0
pc view high lake llc,1,0.0%,0,0,0.0%,0,1,0.0%,0
seminole hma llc,1,0.0%,0,0,0.0%,0,1,0.0%,0
title cash of missouri inc,1,0.0%,0,0,0.0%,0,1,0.0%,0
city of raytown,1,0.0%,0,0,0.0%,0,1,0.0%,0
fort hays state university,1,0.0%,0,0,0.0%,0,1,0.0%,0
ransom memorial hospital,1,0.0%,0,0,0.0%,0,1,0.0%,0
kansas university endowment association,1,0.0%,0,0,0.0%,0,1,0.0%,0
oak grove properties l.p.,1,0.0%,0,0,0.0%,0,1,0.0%,0
crescent electric supply company d/b/a ba supply,1,0.0%,0,0,0.0%,0,1,0.0%,0
erep north village llc,1,0.0%,0,0,0.0%,0,1,0.0%,0
clear recovery,1,0.0%,0,0,0.0%,0,1,0.0%,0
progressive casualty insurance company,1,0.0%,0,0,0.0%,0,1,0.0%,0
bluefield hospital company llc,1,0.0%,0,0,0.0%,0,1,0.0%,0
webcollex llc dba cks financials,1,0.0%,0,0,0.0%,0,1,0.0%,0
moberly hospital company l.l.c,1,0.0%,0,0,0.0%,0,1,0.0%,0
ifft & co. pa,1,0.0%,0,0,0.0%,0,1,0.0%,0
nwf&m co,1,0.0%,0,0,0.0%,0,1,0.0%,0
lee's summit physicians group inc,1,0.0%,0,0,0.0%,0,1,0.0%,0
richard oakley dds,1,0.0%,0,0,0.0%,0,1,0.0%,0
kansas city eye clinic pa,1,0.0%,0,0,0.0%,0,1,0.0%,0
alro steel corporation,1,0.0%,0,0,0.0%,0,1,0.0%,0
camden development inc,1,0.0%,0,0,0.0%,0,1,0.0%,0
richard t bryant & associates pc,1,0.0%,0,0,0.0%,0,1,0.0%,0
gatehouse media missouri holdings ii inc dba the examiner,1,0.0%,0,0,0.0%,0,1,0.0%,0
oaks ridge meadows condominium 3rd plat association inc,1,0.0%,0,0,0.0%,0,1,0.0%,0
hcs restoration,1,0.0%,0,0,0.0%,0,1,0.0%,0
prime healthcare services-kansas city llc,1,0.0%,0,0,0.0%,0,1,0.0%,0
john j. connell co inc,1,0.0%,0,0,0.0%,0,1,0.0%,0
timberlane village associates a ca ltd partnership,1,0.0%,0,0,0.0%,0,1,0.0%,0
one main financial group llc as servicer for wilmington,1,0.0%,0,0,0.0%,0,1,0.0%,0
sam investments llc,1,0.0%,0,0,0.0%,0,1,0.0%,0
kansas city missouri school district 800 e 21st st kcmo,1,0.0%,0,0,0.0%,0,1,0.0%,0
the lakes at lionsgates apartments,1,0.0%,0,0,0.0%,0,1,0.0%,0
a&a lock and key overhead llc,1,0.0%,0,0,0.0%,0,1,0.0%,0
rigdon floor coverings inc,1,0.0%,0,0,0.0%,0,1,0.0%,0
the university of kansas physicians,1,0.0%,0,0,0.0%,0,1,0.0%,0
great rivers community capital inc,1,0.0%,0,0,0.0%,0,1,0.0%,0
prism real estate services llc,1,0.0%,0,0,0.0%,0,1,0.0%,0
eldalati samar,1,0.0%,0,0,0.0%,0,1,0.0%,0
independence dental excellence,1,0.0%,0,0,0.0%,0,1,0.0%,0
cole information services inc,1,0.0%,0,0,0.0%,0,1,0.0%,0
piedimonte & associates p.c.,1,0.0%,0,0,0.0%,0,1,0.0%,0
primrose homeowners association inc,1,0.0%,0,0,0.0%,0,1,0.0%,0
cvi sgp-co acquisition trust kay,1,0.0%,0,0,0.0%,0,1,0.0%,0
lvn funding llc,1,0.0%,0,0,0.0%,0,1,0.0%,0
automobile acceptance,1,0.0%,0,0,0.0%,0,1,0.0%,0
cach llc best buy co. inc,1,0.0%,0,0,0.0%,0,1,0.0%,0
a to z ventures inc d/b/a bedsoe's rental inc.,1,0.0%,0,0,0.0%,0,1,0.0%,0
oaks ridge meadows condominium 3rd plat,1,0.0%,0,0,0.0%,0,1,0.0%,0
redi-carpet sales of kansas llc,1,0.0%,0,0,0.0%,0,1,0.0%,0
midland credit mgt.,1,0.0%,0,0,0.0%,0,1,0.0%,0
lakewood property owners association,1,0.0%,0,0,0.0%,0,1,0.0%,0
independence ridge lp d/b/a indp ridge apartments,1,0.0%,0,0,0.0%,0,1,0.0%,0
timberlane village asso a ca lmtd prtshp,1,0.0%,0,0,0.0%,0,1,0.0%,0
electro rent corporation,1,0.0%,0,0,0.0%,0,1,0.0%,0
progressive direct ins,1,0.0%,0,0,0.0%,0,1,0.0%,0
whispering lake apartment management llc,1,0.0%,0,0,0.0%,0,1,0.0%,0
ryan john pjr,1,0.0%,0,0,0.0%,0,1,0.0%,0
the-earnshaw-hobbs law firm p.c.,1,0.0%,0,0,0.0%,0,1,0.0%,0
kmr truck parts & service,1,0.0%,0,0,0.0%,0,1,0.0%,0
tgl properties llc,1,0.0%,0,0,0.0%,0,1,0.0%,0
kc willow creek apartments llc,1,0.0%,0,0,0.0%,0,1,0.0%,0
kentucky farm bureau mutual insurance company,1,0.0%,0,0,0.0%,0,1,0.0%,0
city rent-a-truck llc,1,0.0%,0,0,0.0%,0,1,0.0%,0
justine petersen housing and reinvestment corporation petitioner,1,0.0%,0,0,0.0%,0,1,0.0%,0
world finance corportation,1,0.0%,0,0,0.0%,0,1,0.0%,0
evergy fka kansas city power and light,1,0.0%,0,0,0.0%,0,1,0.0%,0
robert g. neds p.c.,1,0.0%,0,0,0.0%,0,1,0.0%,0
st. joseph health systems,1,0.0%,0,0,0.0%,0,1,0.0%,0
crossroads of lee's summit limited partnership,1,0.0%,0,0,0.0%,0,1,0.0%,0
justine petersen housing and reinvestment,1,0.0%,0,0,0.0%,0,1,0.0%,0
engineered floors llc,1,0.0%,0,0,0.0%,0,1,0.0%,0
amco insurance company,1,0.0%,0,0,0.0%,0,1,0.0%,0
acctcorp international of salem,1,0.0%,0,0,0.0%,0,1,0.0%,0
lippert mechanical service corporation,1,0.0%,0,0,0.0%,0,1,0.0%,0
bank of america na *,1,0.0%,0,0,0.0%,0,1,0.0%,0
iom health system l.p.,1,0.0%,0,0,0.0%,0,1,0.0%,0
cash in a flash,1,0.0%,0,0,0.0%,0,1,0.0%,0
portfolio recovery petitioner,1,0.0%,0,0,0.0%,0,1,0.0%,0
omni tree service inc,1,0.0%,0,0,0.0%,0,1,0.0%,0
asi food safety llc,1,0.0%,0,0,0.0%,0,1,0.0%,0
peninsula distribution llc,1,0.0%,0,0,0.0%,0,1,0.0%,0
rr donnelley logistics services world wide inca,1,0.0%,0,0,0.0%,0,1,0.0%,0
maries osage ambulance,1,0.0%,0,0,0.0%,0,1,0.0%,0
sound health services pc,1,0.0%,0,0,0.0%,0,1,0.0%,0
the lipowicz law firm llc,1,0.0%,0,0,0.0%,0,1,0.0%,0
catherine r. grantham llc,1,0.0%,0,0,0.0%,0,1,0.0%,0
azecisw americas case llc,1,0.0%,0,0,0.0%,0,1,0.0%,0
professional installers inc,1,0.0%,0,0,0.0%,0,1,0.0%,0
account resolution corporation a/a/o st. louis university,1,0.0%,0,0,0.0%,0,1,0.0%,0
carmel woods estates ii petitioner,1,0.0%,0,0,0.0%,0,1,0.0%,0
kenrick parke condo assn petitioner,1,0.0%,0,0,0.0%,0,1,0.0%,0
credit bureau services of iowa inc aao cch,1,0.0%,0,0,0.0%,0,1,0.0%,0
ford hotel supply company,1,0.0%,0,0,0.0%,0,1,0.0%,0
first mercury insurance company,1,0.0%,0,0,0.0%,0,1,0.0%,0
ubc credit union,1,0.0%,0,0,0.0%,0,1,0.0%,0
the morris plan company of terre haute inc,1,0.0%,0,0,0.0%,0,1,0.0%,0
avid acceptance llc,1,0.0%,0,0,0.0%,0,1,0.0%,0
santiago llc,1,0.0%,0,0,0.0%,0,1,0.0%,0
consumer collection mgmt inc,1,0.0%,0,0,0.0%,0,1,0.0%,0
richard e. parcinski d.o. f.c.c.p.,1,0.0%,0,0,0.0%,0,1,0.0%,0
ht community assets llc,1,0.0%,0,0,0.0%,0,1,0.0%,0
nw hospital llc,1,0.0%,0,0,0.0%,0,1,0.0%,0
world finance corporation of missouri,1,0.0%,0,0,0.0%,0,1,0.0%,0
tim rion,1,0.0%,0,0,0.0%,0,1,0.0%,0
obstetrical anesthesia associates inc,1,0.0%,0,0,0.0%,0,1,0.0%,0
lynn medical instrument co.,1,0.0%,0,0,0.0%,0,1,0.0%,0
mason michael,1,0.0%,0,0,0.0%,0,1,0.0%,0
account resolution corporation aao st. louis university,1,0.0%,0,0,0.0%,0,1,0.0%,0
hillside manor healthcare and rehab center llc,1,0.0%,0,0,0.0%,0,1,0.0%,0
o'gorman & sandroni p.c.,1,0.0%,0,0,0.0%,0,1,0.0%,0
paul s. herrin d.d.s.,1,0.0%,0,0,0.0%,0,1,0.0%,0
bob's seafood inc,1,0.0%,0,0,0.0%,0,1,0.0%,0
schneider national carriers inc,1,0.0%,0,0,0.0%,0,1,0.0%,0
red brick management,1,0.0%,0,0,0.0%,0,1,0.0%,0
river trace townhomes,1,0.0%,0,0,0.0%,0,1,0.0%,0
kiefer creek condominium assn. petitioner,1,0.0%,0,0,0.0%,0,1,0.0%,0
cash link usa llc petitioner,1,0.0%,0,0,0.0%,0,1,0.0%,0
archerfield llc,1,0.0%,0,0,0.0%,0,1,0.0%,0
gateway oral and maxillofacial surgeons of st. louis p.c.,1,0.0%,0,0,0.0%,0,1,0.0%,0
secura supreme insurance company,1,0.0%,0,0,0.0%,0,1,0.0%,0
progressive preferred ins,1,0.0%,0,0,0.0%,0,1,0.0%,0
eyecare partners llc,1,0.0%,0,0,0.0%,0,1,0.0%,0
stanford court apartments llc,1,0.0%,0,0,0.0%,0,1,0.0%,0
brookwood loans of,1,0.0%,0,0,0.0%,0,1,0.0%,0
title loan company inc,1,0.0%,0,0,0.0%,0,1,0.0%,0
sound health services p c,1,0.0%,0,0,0.0%,0,1,0.0%,0
crestline specialties inc,1,0.0%,0,0,0.0%,0,1,0.0%,0
south county anesthesia associates ltd,1,0.0%,0,0,0.0%,0,1,0.0%,0
westfield apartments lp,1,0.0%,0,0,0.0%,0,1,0.0%,0
rectal diag and treatment center,1,0.0%,0,0,0.0%,0,1,0.0%,0
johnson controls fire protection l.p.,1,0.0%,0,0,0.0%,0,1,0.0%,0
america's first federal credit union,1,0.0%,0,0,0.0%,0,1,0.0%,0
stratford commons ii l.p.,1,0.0%,0,0,0.0%,0,1,0.0%,0
kasey dunham an individual,1,0.0%,0,0,0.0%,0,1,0.0%,0
leonard kathleen,1,0.0%,0,0,0.0%,0,1,0.0%,0
the orthopedic center of st. louis,1,0.0%,0,0,0.0%,0,1,0.0%,0
hs financial group llc a limited liability co,1,0.0%,0,0,0.0%,0,1,0.0%,0
ssm health medical group,1,0.0%,0,0,0.0%,0,1,0.0%,0
living city project lp,1,0.0%,0,0,0.0%,0,1,0.0%,0
ge money bank,1,0.0%,0,0,0.0%,0,1,0.0%,0
farmers insurance exchange,1,0.0%,0,0,0.0%,0,1,0.0%,0
biloxi hma llc bda merit health biloxi,1,0.0%,0,0,0.0%,0,1,0.0%,0
joy johnson,1,0.0%,0,0,0.0%,0,1,0.0%,0
tech electronics a corporation,1,0.0%,0,0,0.0%,0,1,0.0%,0
title loan co,1,0.0%,0,0,0.0%,0,1,0.0%,0
columbus square townhouse association,1,0.0%,0,0,0.0%,0,1,0.0%,0
faye e. licata d.m.d. p.c.,1,0.0%,0,0,0.0%,0,1,0.0%,0
gamma's shield shade tree,1,0.0%,0,0,0.0%,0,1,0.0%,0
st louis unversity,1,0.0%,0,0,0.0%,0,1,0.0%,0
walden pond apartments lp,1,0.0%,0,0,0.0%,0,1,0.0%,0
poplar bluff regional medical llc d/b/a poplar bluff region,1,0.0%,0,0,0.0%,0,1,0.0%,0
mimg xxvii suson pines llc,1,0.0%,0,0,0.0%,0,1,0.0%,0
g.w. development inc,1,0.0%,0,0,0.0%,0,1,0.0%,0
fred weber reinforced concrete products inc,1,0.0%,0,0,0.0%,0,1,0.0%,0
advance stores company inc dba advance auto parts a corp,1,0.0%,0,0,0.0%,0,1,0.0%,0
joseph s. sanchez attorney at law,1,0.0%,0,0,0.0%,0,1,0.0%,0
signature medical group,1,0.0%,0,0,0.0%,0,1,0.0%,0
envision eye specialists p.c.,1,0.0%,0,0,0.0%,0,1,0.0%,0
consumer collection mngmt as assignee of richardson place,1,0.0%,0,0,0.0%,0,1,0.0%,0
bbmb inc,1,0.0%,0,0,0.0%,0,1,0.0%,0
cdl training service of missouri l.l.c. d/b/a mtc,1,0.0%,0,0,0.0%,0,1,0.0%,0
wegmann eden mikale bishop & kreitler p.c.,1,0.0%,0,0,0.0%,0,1,0.0%,0
jefferson county lumber company,1,0.0%,0,0,0.0%,0,1,0.0%,0
hospital of morristown inc,1,0.0%,0,0,0.0%,0,1,0.0%,0
lvnv funding llc paypal smart connect,1,0.0%,0,0,0.0%,0,1,0.0%,0
robert n feldmann pc,1,0.0%,0,0,0.0%,0,1,0.0%,0
wesco insurance company a corporation,1,0.0%,0,0,0.0%,0,1,0.0%,0
lakewood apartments l.p. dba lakewood apartments,1,0.0%,0,0,0.0%,0,1,0.0%,0
richard's glen homowner's association a missouri nonprofit,1,0.0%,0,0,0.0%,0,1,0.0%,0
sig ortho tesson ferry spine fka tesson ferry spine et al,1,0.0%,0,0,0.0%,0,1,0.0%,0
bayberry farms hoa,1,0.0%,0,0,0.0%,0,1,0.0%,0
consumer collections management inc,1,0.0%,0,0,0.0%,0,1,0.0%,0
signature orthopedics-tesson ferry spine,1,0.0%,0,0,0.0%,0,1,0.0%,0
keefe catherine w.,1,0.0%,0,0,0.0%,0,1,0.0%,0
midwest acceptance corp,1,0.0%,0,0,0.0%,0,1,0.0%,0
signature medical group of kansas city pc,1,0.0%,0,0,0.0%,0,1,0.0%,0
capital city motors llc,1,0.0%,0,0,0.0%,0,1,0.0%,0
swift transport company,1,0.0%,0,0,0.0%,0,1,0.0%,0
river oaks hospital llc,1,0.0%,0,0,0.0%,0,1,0.0%,0
roberts & roberts l.l.c.,1,0.0%,0,0,0.0%,0,1,0.0%,0
acc res cop a/a/o madison med ctr,1,0.0%,0,0,0.0%,0,1,0.0%,0
bader gerald vernon,1,0.0%,0,0,0.0%,0,1,0.0%,0
unico bank,1,0.0%,0,0,0.0%,0,1,0.0%,0
synchrony bank,1,0.0%,0,0,0.0%,0,1,0.0%,0
trane us inc a corporation d/b/a trane residential,1,0.0%,0,0,0.0%,0,1,0.0%,0
perry county health systems dba perry county memorial hospit,1,0.0%,0,0,0.0%,0,1,0.0%,0
fairway capital llc,1,0.0%,0,0,0.0%,0,1,0.0%,0
bader gerald vernon petitioner,1,0.0%,0,0,0.0%,0,1,0.0%,0
kammermann exterminating co inc,1,0.0%,0,0,0.0%,0,1,0.0%,0
taboola inc,1,0.0%,0,0,0.0%,0,1,0.0%,0
st. louis specialty surgical center llc,1,0.0%,0,0,0.0%,0,1,0.0%,0
larry brewington,1,0.0%,0,0,0.0%,0,1,0.0%,0
arch johnston company inc,1,0.0%,0,0,0.0%,0,1,0.0%,0
triad of alabama llc d/b/a flowers hospital,1,0.0%,0,0,0.0%,0,1,0.0%,0
madison county medical center,1,0.0%,0,0,0.0%,0,1,0.0%,0
credit bureau services llc a/a/o midwest orthopedic group,1,0.0%,0,0,0.0%,0,1,0.0%,0
abc supply co. inc,1,0.0%,0,0,0.0%,0,1,0.0%,0
cbs llc aaopfccapcmh,1,0.0%,0,0,0.0%,0,1,0.0%,0
graceland properties llc,1,0.0%,0,0,0.0%,0,1,0.0%,0
account resolution corporation as assignee of ssm regional,1,0.0%,0,0,0.0%,0,1,0.0%,0
newcomb hardware inc,1,0.0%,0,0,0.0%,0,1,0.0%,0
bank of america na et al,1,0.0%,0,0,0.0%,0,1,0.0%,0
acct resolution corp assignee of cap reg med ctr,1,0.0%,0,0,0.0%,0,1,0.0%,0
trustees of boston university,1,0.0%,0,0,0.0%,0,1,0.0%,0
lf staffing service inc,1,0.0%,0,0,0.0%,0,1,0.0%,0
crmc dba crpacrmc,1,0.0%,0,0,0.0%,0,1,0.0%,0
calvary investments llc,1,0.0%,0,0,0.0%,0,1,0.0%,0
mm finance a nebraska llc,1,0.0%,0,0,0.0%,0,1,0.0%,0
richards building supply,1,0.0%,0,0,0.0%,0,1,0.0%,0
crmc d/b/a crp,1,0.0%,0,0,0.0%,0,1,0.0%,0
citizens bank of eldon,1,0.0%,0,0,0.0%,0,1,0.0%,0
166 auto auction,1,0.0%,0,0,0.0%,0,1,0.0%,0
crown asset management l.l.c.,1,0.0%,0,0,0.0%,0,1,0.0%,0
kent f willett d.d.s.,1,0.0%,0,0,0.0%,0,1,0.0%,0
four seasons racquet and country club property owners' assoc,1,0.0%,0,0,0.0%,0,1,0.0%,0
capital region general surgery,1,0.0%,0,0,0.0%,0,1,0.0%,0
professional accounts recovery l.l.c.,1,0.0%,0,0,0.0%,0,1,0.0%,0
unifund ccr llc petitioner,1,0.0%,0,0,0.0%,0,1,0.0%,0
cedar heights condominium owners association inc,1,0.0%,0,0,0.0%,0,1,0.0%,0
consumer adjust ment company inc assignee of washington uni,1,0.0%,0,0,0.0%,0,1,0.0%,0
columbia orthopaedic group llc,1,0.0%,0,0,0.0%,0,1,0.0%,0
crown assett management llc,1,0.0%,0,0,0.0%,0,1,0.0%,0
johnson controls inc,1,0.0%,0,0,0.0%,0,1,0.0%,0
greenstate credit union fka,1,0.0%,0,0,0.0%,0,1,0.0%,0
heartland business machines llc,1,0.0%,0,0,0.0%,0,1,0.0%,0
portfolio recovery 707 n 2nd,1,0.0%,0,0,0.0%,0,1,0.0%,0
scrivner d/b/a scrivner concrete construction steve,1,0.0%,0,0,0.0%,0,1,0.0%,0
mermaid cove marina & rv resort llc,1,0.0%,0,0,0.0%,0,1,0.0%,0
e.j. welch company inc,1,0.0%,0,0,0.0%,0,1,0.0%,0
lake regional health system,1,0.0%,0,0,0.0%,0,1,0.0%,0
merchant credit adjusters inc,1,0.0%,0,0,0.0%,0,1,0.0%,0
kirksville missouri hosptial company llc dba northeast,1,0.0%,0,0,0.0%,0,1,0.0%,0
evergy f/k/a kcp&l company,1,0.0%,0,0,0.0%,0,1,0.0%,0
harrisonville electric llc,1,0.0%,0,0,0.0%,0,1,0.0%,0
smith's mobile farm service llc,1,0.0%,0,0,0.0%,0,1,0.0%,0
tower loan of rock island,1,0.0%,0,0,0.0%,0,1,0.0%,0
lvnv funding llc fingerhut,1,0.0%,0,0,0.0%,0,1,0.0%,0
accel loans llc,1,0.0%,0,0,0.0%,0,1,0.0%,0
union pacific railroad,1,0.0%,0,0,0.0%,0,1,0.0%,0
united telephone company of eastern kansas,1,0.0%,0,0,0.0%,0,1,0.0%,0
friedrich law office pc petitioner,1,0.0%,0,0,0.0%,0,1,0.0%,0
aaa property management llc,1,0.0%,0,0,0.0%,0,1,0.0%,0
pittsburg state university,1,0.0%,0,0,0.0%,0,1,0.0%,0
nw ar hospitals llc d/b/a nw med center-bentonville,1,0.0%,0,0,0.0%,0,1,0.0%,0
cox adrian,1,0.0%,0,0,0.0%,0,1,0.0%,0
southeast kansas orthopedic clinic,1,0.0%,0,0,0.0%,0,1,0.0%,0
community bank of el dorado springs,1,0.0%,0,0,0.0%,0,1,0.0%,0
lvnv funding llc helzberg ext crt go-for 021209,1,0.0%,0,0,0.0%,0,1,0.0%,0
jp morgan chase bank na   chicago il,1,0.0%,0,0,0.0%,0,1,0.0%,0
westar energy inc,1,0.0%,0,0,0.0%,0,1,0.0%,0
orthopaedic specialist of the 4 states,1,0.0%,0,0,0.0%,0,1,0.0%,0
simmons first national corporation,1,0.0%,0,0,0.0%,0,1,0.0%,0
rangeline llc dba meeks building center joplin,1,0.0%,0,0,0.0%,0,1,0.0%,0
j vangel electric inc,1,0.0%,0,0,0.0%,0,1,0.0%,0
nw ar hospitals llc d/b/a nw med center,1,0.0%,0,0,0.0%,0,1,0.0%,0
ozark tri-county healthcare,1,0.0%,0,0,0.0%,0,1,0.0%,0
galaxy international purchasing llc,1,0.0%,0,0,0.0%,0,1,0.0%,0
joplin building material co dba springfield brick co,1,0.0%,0,0,0.0%,0,1,0.0%,0
siloam springs arkansas hospital co llc,1,0.0%,0,0,0.0%,0,1,0.0%,0
joplin concrete company inc,1,0.0%,0,0,0.0%,0,1,0.0%,0
metro emergency transport service,1,0.0%,0,0,0.0%,0,1,0.0%,0
boyd metals of joplin inc,1,0.0%,0,0,0.0%,0,1,0.0%,0
srs distribution inc d/b/a dj roofing supply,1,0.0%,0,0,0.0%,0,1,0.0%,0
young's garage & towing petitioner acting pro se,1,0.0%,0,0,0.0%,0,1,0.0%,0
hutton john thomasjr petitioner acting pro se,1,0.0%,0,0,0.0%,0,1,0.0%,0
wilson joshua t petitioner,1,0.0%,0,0,0.0%,0,1,0.0%,0
summers motors inc,1,0.0%,0,0,0.0%,0,1,0.0%,0
juarez darlene petitioner,1,0.0%,0,0,0.0%,0,1,0.0%,0
lewis tasha renee petitioner acting pro se,1,0.0%,0,0,0.0%,0,1,0.0%,0
chandler bradley dale petitioner acting pro se,1,0.0%,0,0,0.0%,0,1,0.0%,0
ratliff richard l petitioner acting pro se,1,0.0%,0,0,0.0%,0,1,0.0%,0
southside mfa petitioner acting pro se,1,0.0%,0,0,0.0%,0,1,0.0%,0
gamble ricky duane petitioner acting pro se,1,0.0%,0,0,0.0%,0,1,0.0%,0
kirksville missouri hospital company petitioner,1,0.0%,0,0,0.0%,0,1,0.0%,0
newman alicia dawn petitioner,1,0.0%,0,0,0.0%,0,1,0.0%,0
pettijohn auto center inc petitioner,1,0.0%,0,0,0.0%,0,1,0.0%,0
southside mfa petitioner,1,0.0%,0,0,0.0%,0,1,0.0%,0
youngs rentals llc,1,0.0%,0,0,0.0%,0,1,0.0%,0
rinehart auto sales petitioner,1,0.0%,0,0,0.0%,0,1,0.0%,0
hutton john thomasjr petitioner,1,0.0%,0,0,0.0%,0,1,0.0%,0
baker joey l petitioner,1,0.0%,0,0,0.0%,0,1,0.0%,0
teel darrell e petitioner,1,0.0%,0,0,0.0%,0,1,0.0%,0
billups james willard petitioner,1,0.0%,0,0,0.0%,0,1,0.0%,0
farmers produce exchange,1,0.0%,0,0,0.0%,0,1,0.0%,0
united auto credit corporation,1,0.0%,0,0,0.0%,0,1,0.0%,0
douglas haun & heidemann pc,1,0.0%,0,0,0.0%,0,1,0.0%,0
midwest regional medical center llc d,1,0.0%,0,0,0.0%,0,1,0.0%,0
selective insurance comapny,1,0.0%,0,0,0.0%,0,1,0.0%,0
tower loan of missouri inc d/b/a tower loan of springfield,1,0.0%,0,0,0.0%,0,1,0.0%,0
american enterp rises international,1,0.0%,0,0,0.0%,0,1,0.0%,0
midland credit manangement llc,1,0.0%,0,0,0.0%,0,1,0.0%,0
sw baptist university,1,0.0%,0,0,0.0%,0,1,0.0%,0
jp morgan chase bank -- chicago,1,0.0%,0,0,0.0%,0,1,0.0%,0
farmers produce exchange of lebanon mo,1,0.0%,0,0,0.0%,0,1,0.0%,0
onemain financial groupllc,1,0.0%,0,0,0.0%,0,1,0.0%,0
absolute roofing inc,1,0.0%,0,0,0.0%,0,1,0.0%,0
the harry cooper supply co,1,0.0%,0,0,0.0%,0,1,0.0%,0
arnies plumbing service inc,1,0.0%,0,0,0.0%,0,1,0.0%,0
rainbow ridge llc,1,0.0%,0,0,0.0%,0,1,0.0%,0
biloxi hma llc,1,0.0%,0,0,0.0%,0,1,0.0%,0
connelly plumbing co,1,0.0%,0,0,0.0%,0,1,0.0%,0
rost ready mix inc,1,0.0%,0,0,0.0%,0,1,0.0%,0
mc fremont healthcare llc,1,0.0%,0,0,0.0%,0,1,0.0%,0
unique tile ltd,1,0.0%,0,0,0.0%,0,1,0.0%,0
o'reilly automotive stores inc,1,0.0%,0,0,0.0%,0,1,0.0%,0
mckesson medical-surgical minnesota supply inc,1,0.0%,0,0,0.0%,0,1,0.0%,0
arnie's plumbing service inc,1,0.0%,0,0,0.0%,0,1,0.0%,0
midland industries inc,1,0.0%,0,0,0.0%,0,1,0.0%,0
genesis financial and payment systems missouri llc,1,0.0%,0,0,0.0%,0,1,0.0%,0
joplin fire protection co,1,0.0%,0,0,0.0%,0,1,0.0%,0
indevco inc,1,0.0%,0,0,0.0%,0,1,0.0%,0
americash loans of missouri llc,1,0.0%,0,0,0.0%,0,1,0.0%,0
citizens bank na,1,0.0%,0,0,0.0%,0,1,0.0%,0
jordan valley auto body repair llc,1,0.0%,0,0,0.0%,0,1,0.0%,0
rpcs inc,1,0.0%,0,0,0.0%,0,1,0.0%,0
autovest llc,1,0.0%,0,0,0.0%,0,1,0.0%,0
fastenal company,1,0.0%,0,0,0.0%,0,1,0.0%,0
wholesale lumber and materials llc,1,0.0%,0,0,0.0%,0,1,0.0%,0
ceramic technics ltd.,1,0.0%,0,0,0.0%,0,1,0.0%,0
roadbuilders machinery and supply co. inc,1,0.0%,0,0,0.0%,0,1,0.0%,0
jhpde finance 1,1,0.0%,0,0,0.0%,0,1,0.0%,0
miller & associates cpa and advisors llc,1,0.0%,0,0,0.0%,0,1,0.0%,0
ckc data solutions llc,1,0.0%,0,0,0.0%,0,1,0.0%,0
credit bureau systems inc as assignee of doctors park,1,0.0%,0,0,0.0%,0,1,0.0%,0
cape county private ambulance service inc,1,0.0%,0,0,0.0%,0,1,0.0%,0
ccsc llc dba city place surgery center a llc,1,0.0%,0,0,0.0%,0,1,0.0%,0
cbs llc a/a/o pfcc - perry count orthopedics and sports med,1,0.0%,0,0,0.0%,0,1,0.0%,0
the glaus law firm llc,1,0.0%,0,0,0.0%,0,1,0.0%,0
cbs llc a/a/o crg p.c. d/b/a crg,1,0.0%,0,0,0.0%,0,1,0.0%,0
credit bureau s ervices llc assignee of cape radiology gro,1,0.0%,0,0,0.0%,0,1,0.0%,0
capital one bank (usa)  n a,1,0.0%,0,0,0.0%,0,1,0.0%,0
perryville family care clinic specialty clinic,1,0.0%,0,0,0.0%,0,1,0.0%,0
credit bureau s ervices llc assignee of perry county memori,1,0.0%,0,0,0.0%,0,1,0.0%,0
cbs a/a/o perry county memorial hospital,1,0.0%,0,0,0.0%,0,1,0.0%,0
cape radiology group p.c.,1,0.0%,0,0,0.0%,0,1,0.0%,0
cape county ambulance service,1,0.0%,0,0,0.0%,0,1,0.0%,0
hf acquisition co. llc,1,0.0%,0,0,0.0%,0,1,0.0%,0
marion hospital corporation,1,0.0%,0,0,0.0%,0,1,0.0%,0
sinclair broadcast group inc,1,0.0%,0,0,0.0%,0,1,0.0%,0
credit bureau services llc aao pfcc-pco and sm and pfcc-psc,1,0.0%,0,0,0.0%,0,1,0.0%,0
cbs llc aao pfcc and pcmh,1,0.0%,0,0,0.0%,0,1,0.0%,0
credit bureau services llc as assignee of physicians allia,1,0.0%,0,0,0.0%,0,1,0.0%,0
credit bureau services llc aao pcmh and pfcc-pfcc & pfccwest,1,0.0%,0,0,0.0%,0,1,0.0%,0
credit bureau services llc aao jdh dds pc,1,0.0%,0,0,0.0%,0,1,0.0%,0
credit bureau services llc as assignee of perryville surgica,1,0.0%,0,0,0.0%,0,1,0.0%,0
cbs lc aao pfcc west & pfcc-psc and pfcc-pco and sm,1,0.0%,0,0,0.0%,0,1,0.0%,0
cb services llc aao pfcc & pfcc & pfcc-pco & sm & pfcc west,1,0.0%,0,0,0.0%,0,1,0.0%,0
cbs a/a/o cape radiol. group & cape radiology group i llc,1,0.0%,0,0,0.0%,0,1,0.0%,0
poplar bluff regional medical center llc dba poplar bluff,1,0.0%,0,0,0.0%,0,1,0.0%,0
orthopedic associates of southwest missouri pc,1,0.0%,0,0,0.0%,0,1,0.0%,0
velocity investments lld - gamache & myers,1,0.0%,0,0,0.0%,0,1,0.0%,0
credit bureau services l.l.c. aao bom utilities-sikeston,1,0.0%,0,0,0.0%,0,1,0.0%,0
midland funding llc - gamache & myers,1,0.0%,0,0,0.0%,0,1,0.0%,0
jp morgan chase bank na - chicago,1,0.0%,0,0,0.0%,0,1,0.0%,0
absolute resolutions investments llc -  chicago,1,0.0%,0,0,0.0%,0,1,0.0%,0
1st financial bank usa a corporation,1,0.0%,0,0,0.0%,0,1,0.0%,0
cbs llc aaomb,1,0.0%,0,0,0.0%,0,1,0.0%,0
first national bank - box 10110 columbia,1,0.0%,0,0,0.0%,0,1,0.0%,0
credit bureau services llc assignee of pemiscot mem health,1,0.0%,0,0,0.0%,0,1,0.0%,0
crestwood healthcare l.p,1,0.0%,0,0,0.0%,0,1,0.0%,0
crown asset management llc - 707 n 2nd st st louis,1,0.0%,0,0,0.0%,0,1,0.0%,0
cbr llc a/a/o ccpas,1,0.0%,0,0,0.0%,0,1,0.0%,0
credit bureau services l.l.c.,1,0.0%,0,0,0.0%,0,1,0.0%,0
cbs a/a/o  pemiscot memorial health systems d/b/a pemiscot m,1,0.0%,0,0,0.0%,0,1,0.0%,0
dyersburg hospital,1,0.0%,0,0,0.0%,0,1,0.0%,0
credit bureau serv llc as assignee of cape co private ambula,1,0.0%,0,0,0.0%,0,1,0.0%,0
world acceptance corp of mo d/b/a world finance corp,1,0.0%,0,0,0.0%,0,1,0.0%,0
credit bureau services llc aao pmhs,1,0.0%,0,0,0.0%,0,1,0.0%,0
credit bureau services llc assignee neurologic associates,1,0.0%,0,0,0.0%,0,1,0.0%,0
associated pathologists llc,1,0.0%,0,0,0.0%,0,1,0.0%,0
credit bureau services llc a/a/o cape radiology group,1,0.0%,0,0,0.0%,0,1,0.0%,0
river region medical corporation,1,0.0%,0,0,0.0%,0,1,0.0%,0
credit bureau services l.l.c. as assignee of physicians all,1,0.0%,0,0,0.0%,0,1,0.0%,0
world acceptance corp dba world finance corp,1,0.0%,0,0,0.0%,0,1,0.0%,0
world acceptance corp of mo dba world finance corporation,1,0.0%,0,0,0.0%,0,1,0.0%,0
ccc rentals llc,1,0.0%,0,0,0.0%,0,1,0.0%,0
credit bureau services llc assignee of the bank of missouri,1,0.0%,0,0,0.0%,0,1,0.0%,0
southeast health center of stoddard county llc,1,0.0%,0,0,0.0%,0,1,0.0%,0
poplar bluff regional medical center llc petitioner,1,0.0%,0,0,0.0%,0,1,0.0%,0
cedargate healthcare center,1,0.0%,0,0,0.0%,0,1,0.0%,0
cape radiology group pc,1,0.0%,0,0,0.0%,0,1,0.0%,0
cavalry spv ii llc,1,0.0%,0,0,0.0%,0,1,0.0%,0
world finance,1,0.0%,0,0,0.0%,0,1,0.0%,0
capital one bank (usa) n.a. petitioner acting pro se,1,0.0%,0,0,0.0%,0,1,0.0%,0
neal david g,1,0.0%,0,0,0.0%,0,1,0.0%,0
mountain view lumber co. inc,1,0.0%,0,0,0.0%,0,1,0.0%,0
meek lumber yard inc,1,0.0%,0,0,0.0%,0,1,0.0%,0
portfolio recovery associates llc-saint louis,1,0.0%,0,0,0.0%,0,1,0.0%,0
brown oil company,1,0.0%,0,0,0.0%,0,1,0.0%,0
onemain fncl group llc,1,0.0%,0,0,0.0%,0,1,0.0%,0
deaconess hospital llc,1,0.0%,0,0,0.0%,0,1,0.0%,0
gundersen lutheran health system inc,1,0.0%,0,0,0.0%,0,1,0.0%,0
velocity,1,0.0%,0,0,0.0%,0,1,0.0%,0
cintas corporate services inc,1,0.0%,0,0,0.0%,0,1,0.0%,0
aurora professional pharmacy,1,0.0%,0,0,0.0%,0,1,0.0%,0
citibank n.a.-707 n 2nd st st louis mo 63102,1,0.0%,0,0,0.0%,0,1,0.0%,0
security credit service llc - assignee of umb bank na,1,0.0%,0,0,0.0%,0,1,0.0%,0
nhci of hillsboro inc,1,0.0%,0,0,0.0%,0,1,0.0%,0
j michael riehn pc,1,0.0%,0,0,0.0%,0,1,0.0%,0
nautilus insurance company,1,0.0%,0,0,0.0%,0,1,0.0%,0
meek lumber yard inc dba/ meeks building center mt. vernon,1,0.0%,0,0,0.0%,0,1,0.0%,0
cooperative association no. 86 d/b/a aurora mfa,1,0.0%,0,0,0.0%,0,1,0.0%,0
moberly hospital company llc dba moberly regional med center,1,0.0%,0,0,0.0%,0,1,0.0%,0
midland funding llc - san diego,1,0.0%,0,0,0.0%,0,1,0.0%,0
nw arkansas hospitals llc d/b/a nw med ctr,1,0.0%,0,0,0.0%,0,1,0.0%,0
lacoba homes inc,1,0.0%,0,0,0.0%,0,1,0.0%,0
fayetteville arkansas hospital co llc,1,0.0%,0,0,0.0%,0,1,0.0%,0
midland funding llc - west des moines ia,1,0.0%,0,0,0.0%,0,1,0.0%,0
second round lp - p o box 10110 columbia mo,1,0.0%,0,0,0.0%,0,1,0.0%,0
labette bank,1,0.0%,0,0,0.0%,0,1,0.0%,0
stonebridge property owners assoc inc,1,0.0%,0,0,0.0%,0,1,0.0%,0
stonebridge poa,1,0.0%,0,0,0.0%,0,1,0.0%,0
lift truck sales & service inc,1,0.0%,0,0,0.0%,0,1,0.0%,0
siloam springs arkansas hospital company,1,0.0%,0,0,0.0%,0,1,0.0%,0
wakefield and associates 3702 w truman rd jeff city,1,0.0%,0,0,0.0%,0,1,0.0%,0
kirksville mo hospital co llc dba northeast regional medical,1,0.0%,0,0,0.0%,0,1,0.0%,0
commerce bank - 1000 camera stl,1,0.0%,0,0,0.0%,0,1,0.0%,0
ozark advances llc (d/b/a maryville quick cash) petitioner,1,0.0%,0,0,0.0%,0,1,0.0%,0
second round sub llc - st louis,1,0.0%,0,0,0.0%,0,1,0.0%,0
ford motor credit - w des moines ia,1,0.0%,0,0,0.0%,0,1,0.0%,0
wells fargo bank n.a.,1,0.0%,0,0,0.0%,0,1,0.0%,0
pruitt marc,1,0.0%,0,0,0.0%,0,1,0.0%,0
tiffany care centers inc petitioner,1,0.0%,0,0,0.0%,0,1,0.0%,0
bearcat lumber company inc,1,0.0%,0,0,0.0%,0,1,0.0%,0
clark funeral home inc,1,0.0%,0,0,0.0%,0,1,0.0%,0
lkq mid-america auto parts inc  d/b/a pgw auto glass llc,1,0.0%,0,0,0.0%,0,1,0.0%,0
apex construction service llc,1,0.0%,0,0,0.0%,0,1,0.0%,0
bullhead city hospital corporation,1,0.0%,0,0,0.0%,0,1,0.0%,0
the t.h. rogers lumber company,1,0.0%,0,0,0.0%,0,1,0.0%,0
uncommon orthodontics,1,0.0%,0,0,0.0%,0,1,0.0%,0
northwest arkansas hospitals llc d/b/a northwest med ctr,1,0.0%,0,0,0.0%,0,1,0.0%,0
pennick barton llc,1,0.0%,0,0,0.0%,0,1,0.0%,0
navarro memorial hospital incorporated,1,0.0%,0,0,0.0%,0,1,0.0%,0
credit bureau services of iowa inc aao wdmoga pc,1,0.0%,0,0,0.0%,0,1,0.0%,0
srs distribution inc dba midwest roofing supply,1,0.0%,0,0,0.0%,0,1,0.0%,0
bittner properties llc,1,0.0%,0,0,0.0%,0,1,0.0%,0
kirksville mo hospital,1,0.0%,0,0,0.0%,0,1,0.0%,0
kay county oklahoma hospital co llc,1,0.0%,0,0,0.0%,0,1,0.0%,0
portfolio recovery associates llc - norfolk va,1,0.0%,0,0,0.0%,0,1,0.0%,0
capital one bank petitioner,1,0.0%,0,0,0.0%,0,1,0.0%,0
td bank usa n.a,1,0.0%,0,0,0.0%,0,1,0.0%,0
gateway metro fcu a banking corpration,1,0.0%,0,0,0.0%,0,1,0.0%,0
citibank c/o mike morrison,1,0.0%,0,0,0.0%,0,1,0.0%,0
wells fargo bank national association,1,0.0%,0,0,0.0%,0,1,0.0%,0
goodman manufacturing company lp,1,0.0%,0,0,0.0%,0,1,0.0%,0
account management service aao gjjpm hosp ass,1,0.0%,0,0,0.0%,0,1,0.0%,0
the new liberty hospital dist,1,0.0%,0,0,0.0%,0,1,0.0%,0
jefferson city medical group p.c.,1,0.0%,0,0,0.0%,0,1,0.0%,0
moberly hospital company llc d/b/a moberly regional,1,0.0%,0,0,0.0%,0,1,0.0%,0
salome ys inc,1,0.0%,0,0,0.0%,0,1,0.0%,0
credit bureau of columbia inc assignee of pershing mem hsptl,1,0.0%,0,0,0.0%,0,1,0.0%,0
phoenix urology of st. joseph inc petitioner,1,0.0%,0,0,0.0%,0,1,0.0%,0
kirksville misouri hospital company llc,1,0.0%,0,0,0.0%,0,1,0.0%,0
cheeseman william w,1,0.0%,0,0,0.0%,0,1,0.0%,0
kirksville missouri hospital,1,0.0%,0,0,0.0%,0,1,0.0%,0
pike county r-iii school,1,0.0%,0,0,0.0%,0,1,0.0%,0
ars llc,1,0.0%,0,0,0.0%,0,1,0.0%,0
magruder limestone co,1,0.0%,0,0,0.0%,0,1,0.0%,0
equable ascent financial llc,1,0.0%,0,0,0.0%,0,1,0.0%,0
evanston insurance company,1,0.0%,0,0,0.0%,0,1,0.0%,0
united guaranty commercial insurance company of north compan,1,0.0%,0,0,0.0%,0,1,0.0%,0
lester e cox medical,1,0.0%,0,0,0.0%,0,1,0.0%,0
fall creek condominium owners' association,1,0.0%,0,0,0.0%,0,1,0.0%,0
wesley health system llc d/b/a wesley medical center,1,0.0%,0,0,0.0%,0,1,0.0%,0
petersburg hospital company llc d/b/a southside reg med ctr,1,0.0%,0,0,0.0%,0,1,0.0%,0
the oaks at branson llc,1,0.0%,0,0,0.0%,0,1,0.0%,0
northwest arkansas hospitals llc d/b/a northwest medical-no,1,0.0%,0,1,0.0%,0,0,0.0%,0
brinton electric security services llc,1,0.0%,0,0,0.0%,0,1,0.0%,0
southwest materials inc,1,0.0%,0,0,0.0%,0,1,0.0%,0
ozarks environmental services inc,1,0.0%,0,0,0.0%,0,1,0.0%,0
stationery credit union,1,0.0%,0,0,0.0%,0,1,0.0%,0
nadolski james anthony,1,0.0%,0,0,0.0%,0,1,0.0%,0
chamberlain funeral home and monument llc,1,0.0%,0,0,0.0%,0,1,0.0%,0
capital one bank (usa) na a national association,1,0.0%,0,0,0.0%,0,1,0.0%,0
novus services inc,1,0.0%,0,0,0.0%,0,1,0.0%,0
mercury surgery center llc petitioner,1,0.0%,0,0,0.0%,0,1,0.0%,0
rupp funeral home,1,0.0%,0,0,0.0%,0,1,0.0%,0
collection professionals inc assignee of american diagnosti,1,0.0%,0,0,0.0%,0,1,0.0%,0
osborn wayne v,1,0.0%,0,0,0.0%,0,1,0.0%,0
winsupply kansas city mo co,1,0.0%,0,0,0.0%,0,1,0.0%,0
rigdon inc,1,0.0%,0,0,0.0%,0,1,0.0%,0
metro emergency physicians llc - no add,1,0.0%,0,0,0.0%,0,1,0.0%,0
all star towing & recovery,1,0.0%,0,0,0.0%,0,1,0.0%,0
pratt donald g,1,0.0%,0,0,0.0%,0,1,0.0%,0
amerifirst home improvement finance,1,0.0%,0,0,0.0%,0,1,0.0%,0
phoenix urology of st joseph inc,1,0.0%,0,0,0.0%,0,1,0.0%,0
cavalry spv i llc (707),1,0.0%,0,0,0.0%,0,1,0.0%,0
rapid ways truck leasing inc,1,0.0%,0,0,0.0%,0,1,0.0%,0
martin james c,1,0.0%,0,0,0.0%,0,1,0.0%,0
country green apartments llc,1,0.0%,0,0,0.0%,0,1,0.0%,0
kansas city power & light llc,1,0.0%,0,0,0.0%,0,1,0.0%,0
northland radiology inc,1,0.0%,0,0,0.0%,0,1,0.0%,0
clear recovery inc-no add,1,0.0%,0,0,0.0%,0,1,0.0%,0
sexton bender hill & steinman pc,1,0.0%,0,0,0.0%,0,1,0.0%,0
comdata inc a corporation,1,0.0%,0,0,0.0%,0,1,0.0%,0
clear recovery llc,1,0.0%,0,0,0.0%,0,1,0.0%,0
wam usa inc,1,0.0%,0,0,0.0%,0,1,0.0%,0
cruz custom construction,1,0.0%,0,0,0.0%,0,1,0.0%,0
hankins & conklin p.c.,1,0.0%,0,0,0.0%,0,1,0.0%,0
second round lp petitioner,1,0.0%,0,0,0.0%,0,1,0.0%,0
creekwood endodontics,1,0.0%,0,0,0.0%,0,1,0.0%,0
parkway oaks llc,1,0.0%,0,0,0.0%,0,1,0.0%,0
stewart law firm l.c.,1,0.0%,0,0,0.0%,0,1,0.0%,0
dk leasing llc,1,0.0%,0,0,0.0%,0,1,0.0%,0
college station hospital l.p.,1,0.0%,0,0,0.0%,0,1,0.0%,0
joe kilowatt inc,1,0.0%,0,0,0.0%,0,1,0.0%,0
willow park homes association inc,1,0.0%,0,0,0.0%,0,1,0.0%,0
north kansas city hospital,1,0.0%,0,0,0.0%,0,1,0.0%,0
ahs hillcrest medical center llc,1,0.0%,0,0,0.0%,0,1,0.0%,0
community america credit union flintlock road,1,0.0%,0,0,0.0%,0,1,0.0%,0
kingston court condominium association,1,0.0%,0,0,0.0%,0,1,0.0%,0
creekwood orthdontics,1,0.0%,0,0,0.0%,0,1,0.0%,0
community choice credit union,1,0.0%,0,0,0.0%,0,1,0.0%,0
the ethan apts associates llc,1,0.0%,0,0,0.0%,0,1,0.0%,0
angelina higher education authority,1,0.0%,0,0,0.0%,0,1,0.0%,0
cash link usa llc dba cash link usa-no add,1,0.0%,0,0,0.0%,0,1,0.0%,0
elite recovery services inc,1,0.0%,0,0,0.0%,0,1,0.0%,0
pomps tire service inc,1,0.0%,0,0,0.0%,0,1,0.0%,0
cbc inc        a/a/o pershing memorial hospital association,1,0.0%,0,0,0.0%,0,1,0.0%,0
moberly hospital company llc d/b/a moberly regional medicial,1,0.0%,0,0,0.0%,0,1,0.0%,0
ray county memorial hospital no add,1,0.0%,0,0,0.0%,0,1,0.0%,0
accounts management services a/a/o gjjpmh,1,0.0%,0,0,0.0%,0,1,0.0%,0
chariton co. ambulance district,1,0.0%,0,0,0.0%,0,1,0.0%,0
fitzgibbon hospital,1,0.0%,0,0,0.0%,0,1,0.0%,0
ams a/a/o gjjpmha petitioner,1,0.0%,0,0,0.0%,0,1,0.0%,0
cdc a/a/o pershing memorial hospital assoc,1,0.0%,0,0,0.0%,0,1,0.0%,0
kirksville mo hospital company llc,1,0.0%,0,0,0.0%,0,1,0.0%,0
account management services,1,0.0%,0,0,0.0%,0,1,0.0%,0
phoenixville hospital co llc d/b/a phoenixville hospital,1,0.0%,0,0,0.0%,0,1,0.0%,0
portfolio recover associates llc,1,0.0%,0,0,0.0%,0,1,0.0%,0
credit bureau of columbia inc d/b/a ams,1,0.0%,0,0,0.0%,0,1,0.0%,0
accounts management services aao gjjpmha,1,0.0%,0,0,0.0%,0,1,0.0%,0
webster ambulatory surgery center lp,1,0.0%,0,0,0.0%,0,1,0.0%,0
cbs inc aaoscmd,1,0.0%,0,0,0.0%,0,1,0.0%,0
absolute resolution investments llc,1,0.0%,0,0,0.0%,0,1,0.0%,0
st. louis university dba slucare,1,0.0%,0,0,0.0%,0,1,0.0%,0
clarksville holdings llc partner & ghs holdings llc,1,0.0%,0,0,0.0%,0,1,0.0%,0
bank of america corp,1,0.0%,0,0,0.0%,0,1,0.0%,0
glen echo country club,1,0.0%,0,0,0.0%,0,1,0.0%,0
esse health,1,0.0%,0,0,0.0%,0,1,0.0%,0
davis robert mdds,1,0.0%,0,0,0.0%,0,1,0.0%,0
stephen gould corporation,1,0.0%,0,0,0.0%,0,1,0.0%,0
nick a. prater dds llc,1,0.0%,0,0,0.0%,0,1,0.0%,0
commerce bank na,1,0.0%,0,0,0.0%,0,1,0.0%,0
mm finance d/b/a ez money check cashing,1,0.0%,0,0,0.0%,0,1,0.0%,0
cbs llc a/a/o north scott county ambulance,1,0.0%,0,0,0.0%,0,1,0.0%,0
credit bureau services llc as assignee of cape radiology grp,1,0.0%,0,1,0.0%,0,0,0.0%,0
cvi sgp-co acquisition,1,0.0%,0,0,0.0%,0,1,0.0%,0
kirksville mo hospital co llc d/b/a ne regional medical,1,0.0%,0,1,0.0%,0,0,0.0%,0
dorsey mary elizabeth,1,0.0%,0,0,0.0%,0,1,0.0%,0
sandra calvert,1,0.0%,0,0,0.0%,0,1,0.0%,0
mcclure paul,1,0.0%,0,0,0.0%,0,1,0.0%,0
autozone inc,1,0.0%,0,0,0.0%,0,1,0.0%,0
jenna rohr conley attorney at law llc,1,0.0%,0,0,0.0%,0,1,0.0%,0
mccartney plumbing llc a missouri limited liability compan,1,0.0%,0,0,0.0%,0,1,0.0%,0
uiversity of kansas health system,1,0.0%,0,0,0.0%,0,1,0.0%,0
florissant valley sheltered workshop llc dba valley industr,1,0.0%,0,0,0.0%,0,1,0.0%,0
talbridge hoa,1,0.0%,0,0,0.0%,0,1,0.0%,0
charlestowne master,1,0.0%,0,0,0.0%,0,1,0.0%,0
brighton park hoa,1,0.0%,0,0,0.0%,0,1,0.0%,0
credit copr solustions inc,1,0.0%,0,0,0.0%,0,1,0.0%,0
the university of kansas hosptial authority,1,0.0%,0,0,0.0%,0,1,0.0%,0
anthony v & sue m penzenstadler,1,0.0%,0,0,0.0%,0,1,0.0%,0
shepherd transmission co,1,0.0%,0,0,0.0%,0,1,0.0%,0
paycor,1,0.0%,0,0,0.0%,0,1,0.0%,0
foam materials & equipment co.,1,0.0%,0,0,0.0%,0,1,0.0%,0
burkemper law firm llc,1,0.0%,0,1,0.0%,0,0,0.0%,0
american builders contract supply,1,0.0%,0,1,0.0%,0,0,0.0%,0
hermann area district hospital d/b/a  hermann medical arts,1,0.0%,0,1,0.0%,0,0,0.0%,0
production steel inc,1,0.0%,0,0,0.0%,0,1,0.0%,0
meek lumber yard llc d/b/a meeks building center,1,0.0%,0,0,0.0%,0,1,0.0%,0
mcknight tire & auto center,1,0.0%,0,0,0.0%,0,1,0.0%,0
sigma nu of southeast missouri inc a corporation,1,0.0%,0,0,0.0%,0,1,0.0%,0
riley & stingley pc,1,0.0%,0,0,0.0%,0,1,0.0%,0
malan barry,1,0.0%,0,0,0.0%,0,1,0.0%,0
moberly hospital co llc d/b/a moberly regional medical cente,1,0.0%,0,0,0.0%,0,1,0.0%,0
seth paul excavating inc,1,0.0%,0,1,0.0%,0,0,0.0%,0
oro valley hospital llc d/b/a oro valley hospital,1,0.0%,0,1,0.0%,0,0,0.0%,0
jp morgan chase bank n.a. petitioner,1,0.0%,0,1,0.0%,0,0,0.0%,0
knight david l,1,0.0%,0,0,0.0%,0,1,0.0%,0
gadsden regional medical center llc,1,0.0%,0,1,0.0%,0,0,0.0%,0
lafayette regional health center/lexington,1,0.0%,0,0,0.0%,0,1,0.0%,0
pi bvt llc,1,0.0%,0,0,0.0%,0,1,0.0%,0
orthopedic health of kansas city p.c.,1,0.0%,0,0,0.0%,0,1,0.0%,0
view high lake apartments,1,0.0%,0,0,0.0%,0,1,0.0%,0
credit bureau services. llc,1,0.0%,0,0,0.0%,0,1,0.0%,0
ncslt 2006-3,1,0.0%,0,0,0.0%,0,1,0.0%,0
jh met subsidiary a liquidating trust,1,0.0%,0,0,0.0%,0,1,0.0%,0
24 hour check cashing llc,1,0.0%,0,0,0.0%,0,1,0.0%,0
kornis electric supply inc,1,0.0%,0,0,0.0%,0,1,0.0%,0
mitsu sato hair academy,1,0.0%,0,0,0.0%,0,1,0.0%,0
independent door & gate of missouri llc,1,0.0%,0,0,0.0%,0,1,0.0%,0
clear recovery inc  bryan medical center,1,0.0%,0,0,0.0%,0,1,0.0%,0
regional acceptance corp,1,0.0%,0,0,0.0%,0,1,0.0%,0
lcs financial service corporation,1,0.0%,0,0,0.0%,0,1,0.0%,0
lane daniel d,1,0.0%,0,0,0.0%,0,1,0.0%,0
ihs lp d/b/a lutheran hospital of indiana,1,0.0%,0,0,0.0%,0,1,0.0%,0
cbssiittnb,1,0.0%,0,0,0.0%,0,1,0.0%,0
ag coop services inc,1,0.0%,0,1,0.0%,0,0,0.0%,0
bank of america charlotte nc,1,0.0%,0,0,0.0%,0,1,0.0%,0
s&k roofing inc,1,0.0%,0,0,0.0%,0,1,0.0%,0
national collegiate student loan trust 2007-1,1,0.0%,0,0,0.0%,0,1,0.0%,0
credit corp sollutions inc,1,0.0%,0,0,0.0%,0,1,0.0%,0
pear tree apartments llc,1,0.0%,0,0,0.0%,0,1,0.0%,0
norwood-redfield apartments limited partnership,1,0.0%,0,0,0.0%,0,1,0.0%,0
persolve recoveries llc bridgecrest accept corp,1,0.0%,0,0,0.0%,0,1,0.0%,0
park ridge apartments,1,0.0%,0,0,0.0%,0,1,0.0%,0
scp llc,1,0.0%,0,0,0.0%,0,1,0.0%,0
the gem group inc,1,0.0%,0,0,0.0%,0,1,0.0%,0
growe eisen karlen eilerts llc,1,0.0%,0,0,0.0%,0,1,0.0%,0
gateway family dentistry llc,1,0.0%,0,0,0.0%,0,1,0.0%,0
credit corp solustions inc,1,0.0%,0,0,0.0%,0,1,0.0%,0
lcs captial llc,1,0.0%,0,0,0.0%,0,1,0.0%,0
manamed inc,1,0.0%,0,0,0.0%,0,1,0.0%,0
southwestern college,1,0.0%,0,1,0.0%,0,0,0.0%,0
midamerica spine center llc,1,0.0%,0,1,0.0%,0,0,0.0%,0
associated veterinary specialists,1,0.0%,0,1,0.0%,0,0,0.0%,0
st. lukes hospital,1,0.0%,0,1,0.0%,0,0,0.0%,0
sunset hills dental llc,1,0.0%,0,1,0.0%,0,0,0.0%,0
lakewood apartment lp,1,0.0%,0,0,0.0%,0,1,0.0%,0
kriegel & ituarte p.c.,1,0.0%,0,0,0.0%,0,1,0.0%,0
jp morgan chase national corp services inc,1,0.0%,0,0,0.0%,0,1,0.0%,0
land of oz academy,1,0.0%,0,0,0.0%,0,1,0.0%,0
associated veterinary spec. ltd,1,0.0%,0,1,0.0%,0,0,0.0%,0
rdatc inc d/b/a crhc,1,0.0%,0,0,0.0%,0,1,0.0%,0
wasc lp d/b/a landmark surgery center,1,0.0%,0,0,0.0%,0,1,0.0%,0
pinnacle credit services llc,1,0.0%,0,1,0.0%,0,0,0.0%,0
york international corporation,1,0.0%,0,0,0.0%,0,1,0.0%,0
credit bureau services llc aao mog,1,0.0%,0,0,0.0%,0,1,0.0%,0
america's car-mart inc a corporation,1,0.0%,0,0,0.0%,0,1,0.0%,0
phelps  co reg med cntr dba phelps health,1,0.0%,0,0,0.0%,0,1,0.0%,0
grandview homeowners association inc,1,0.0%,0,0,0.0%,0,1,0.0%,0
arcaaocrmc,1,0.0%,0,0,0.0%,0,1,0.0%,0
velocity investment llc assignee of bank of america visa/mc,1,0.0%,0,0,0.0%,0,1,0.0%,0
bank of america n.a.--2nd st st louis,1,0.0%,0,1,0.0%,0,0,0.0%,0
h & h leasing llc,1,0.0%,0,1,0.0%,0,0,0.0%,0
martin & wirsig inc dba hobson interiors,1,0.0%,0,0,0.0%,0,1,0.0%,0
girard medical center,1,0.0%,0,1,0.0%,0,0,0.0%,0
cytocheck laboratory l.l.c.,1,0.0%,0,0,0.0%,0,1,0.0%,0
the pauline b. currence revocable trust,1,0.0%,0,0,0.0%,0,1,0.0%,0
freeman cardiology,1,0.0%,0,0,0.0%,0,1,0.0%,0
credit bureau of columbia d/b/a ams a/a/o general john j per,1,0.0%,0,0,0.0%,0,1,0.0%,0
bank of america na  st louis 707,1,0.0%,0,0,0.0%,0,1,0.0%,0
heartland behavioral health services,1,0.0%,0,0,0.0%,0,1,0.0%,0
springfield grocer company,1,0.0%,0,0,0.0%,0,1,0.0%,0
american tire distributors inc,1,0.0%,0,0,0.0%,0,1,0.0%,0
fitch-hillis funeral home inc,1,0.0%,0,0,0.0%,0,1,0.0%,0
hamilton native outpost llc,1,0.0%,0,0,0.0%,0,1,0.0%,0
madison medical center - columbia,1,0.0%,0,0,0.0%,0,1,0.0%,0
cbs llc aaobc ems llc - faber and brand,1,0.0%,0,1,0.0%,0,0,0.0%,0
cbd llc aaocrg,1,0.0%,0,0,0.0%,0,1,0.0%,0
vicksburg heathcare llc,1,0.0%,0,0,0.0%,0,1,0.0%,0
bank of america na petitioner,1,0.0%,0,0,0.0%,0,1,0.0%,0
brown oil,1,0.0%,0,1,0.0%,0,0,0.0%,0
the urology group p c,1,0.0%,0,0,0.0%,0,1,0.0%,0
virginia tile company,1,0.0%,0,0,0.0%,0,1,0.0%,0
twin city fire insurance company,1,0.0%,0,0,0.0%,0,1,0.0%,0
velocity investements llc,1,0.0%,0,0,0.0%,0,1,0.0%,0
hugh l lacey md  pc,1,0.0%,0,1,0.0%,0,0,0.0%,0
cedargate healthcare,1,0.0%,0,0,0.0%,0,1,0.0%,0
city of chillicothe,1,0.0%,0,0,0.0%,0,1,0.0%,0
citibank na - morgan & assoc.,1,0.0%,0,0,0.0%,0,1,0.0%,0
midland credit managemant inc,1,0.0%,0,1,0.0%,0,0,0.0%,0
renfro veterinary services inc,1,0.0%,0,1,0.0%,0,0,0.0%,0
the university of kansas hospital authority,1,0.0%,0,1,0.0%,0,0,0.0%,0
cvi sgp- co acquisition trust zales jewelers,1,0.0%,0,1,0.0%,0,0,0.0%,0
signature behavioral hospital operations. llc,1,0.0%,0,1,0.0%,0,0,0.0%,0
ncslt 2007-2,1,0.0%,0,0,0.0%,0,1,0.0%,0
cititbank na,1,0.0%,0,0,0.0%,0,1,0.0%,0
cvi sgp acquistion trust,1,0.0%,0,0,0.0%,0,1,0.0%,0
security credit services llc a limited liability company,1,0.0%,0,1,0.0%,0,0,0.0%,0
dupont hospital llc,1,0.0%,0,0,0.0%,0,1,0.0%,0
wiley services llc,1,0.0%,0,0,0.0%,0,1,0.0%,0
signature medical group of kc. p.c.,1,0.0%,0,0,0.0%,0,1,0.0%,0
greenstate credit union fka university of iowa,1,0.0%,0,0,0.0%,0,1,0.0%,0
mhc llc,1,0.0%,0,0,0.0%,0,1,0.0%,0
cboc inc d/b/a accounts management services,1,0.0%,0,0,0.0%,0,1,0.0%,0
credit bureau of columbia dba accts managment assignee,1,0.0%,0,0,0.0%,0,1,0.0%,0
cbc inc d/b/a amsaaogjpmh,1,0.0%,0,0,0.0%,0,1,0.0%,0
jp morgan retirement plan services,1,0.0%,0,1,0.0%,0,0,0.0%,0
success bank,1,0.0%,0,0,0.0%,0,1,0.0%,0
kmhc llc d/b/a nrmc petitioner,1,0.0%,0,0,0.0%,0,1,0.0%,0
selective insurance company of south carolina,1,0.0%,0,0,0.0%,0,1,0.0%,0
cbs of iowa- ottumwa regional health center,1,0.0%,0,1,0.0%,0,0,0.0%,0
fleer feeds inc,1,0.0%,0,1,0.0%,0,0,0.0%,0
cbs llc amsaagjjpmh llc,1,0.0%,0,1,0.0%,0,0,0.0%,0
grinnell select insurance co.,1,0.0%,0,1,0.0%,0,0,0.0%,0
harbor point yacht club,1,0.0%,0,0,0.0%,0,1,0.0%,0
capital one bank (usa)na,1,0.0%,0,0,0.0%,0,1,0.0%,0
st clair sewer district of franklin county,1,0.0%,0,0,0.0%,0,1,0.0%,0
peters heating & cooling,1,0.0%,0,0,0.0%,0,1,0.0%,0
hodges greg,1,0.0%,0,0,0.0%,0,1,0.0%,0
flack & stone d.d.s. p.c.,1,0.0%,0,0,0.0%,0,1,0.0%,0
world acceptance corp of mo - greenville,1,0.0%,0,0,0.0%,0,1,0.0%,0
roisum karla j,1,0.0%,0,0,0.0%,0,1,0.0%,0
precision shooting equipment inc,1,0.0%,0,0,0.0%,0,1,0.0%,0
northview valley homeowners association,1,0.0%,0,1,0.0%,0,0,0.0%,0
arkansas best federal credit union,1,0.0%,0,1,0.0%,0,0,0.0%,0
action pact management llc,1,0.0%,0,1,0.0%,0,0,0.0%,0
department stores,1,0.0%,0,1,0.0%,0,0,0.0%,0
credit bureau of columbia a/a/o pershing memorial hospital,1,0.0%,0,1,0.0%,0,0,0.0%,0
nebraska furniture mart,1,0.0%,0,1,0.0%,0,0,0.0%,0
cash for whatever missouri llc,1,0.0%,0,1,0.0%,0,0,0.0%,0
auto owners insurance company,1,0.0%,0,1,0.0%,0,0,0.0%,0
signature behavioral hospital operations llc petitioner,1,0.0%,0,1,0.0%,0,0,0.0%,0
city of kansas city mo,1,0.0%,0,1,0.0%,0,0,0.0%,0
northwest mo truck & trailer repair inc,1,0.0%,0,1,0.0%,0,0,0.0%,0
cboc inc dba ams aao gjjpmha dba pmh,1,0.0%,0,1,0.0%,0,0,0.0%,0
crown asset,1,0.0%,0,1,0.0%,0,0,0.0%,0
america's car-mart inc petitioner,1,0.0%,0,1,0.0%,0,0,0.0%,0
capital one n. a.,1,0.0%,0,1,0.0%,0,0,0.0%,0
king russell w,1,0.0%,0,1,0.0%,0,0,0.0%,0
td bank,1,0.0%,0,1,0.0%,0,0,0.0%,0
midwestern health management inc dba northwest fin ser assig,1,0.0%,0,1,0.0%,0,0,0.0%,0
harrison county community hospital - bethany mo,1,0.0%,0,1,0.0%,0,0,0.0%,0
pistole mary ruth,1,0.0%,0,1,0.0%,0,0,0.0%,0
archdekin & jones plumbing and heating inc,1,0.0%,0,1,0.0%,0,0,0.0%,0
falcon point apartment llc,1,0.0%,0,1,0.0%,0,0,0.0%,0
discovery bank new albany oh,1,0.0%,0,1,0.0%,0,0,0.0%,0
collection associates ltd,1,0.0%,0,1,0.0%,0,0,0.0%,0
jefferson capital systems  llc,1,0.0%,0,1,0.0%,0,0,0.0%,0
genesis financi al and payment systems missouri llc d/b/a us,1,0.0%,0,1,0.0%,0,0,0.0%,0
kirksville missouri hospital co llc dba norhteast regional,1,0.0%,0,1,0.0%,0,0,0.0%,0
world acceptance corporation of mo d/b/a world finance corp,1,0.0%,0,1,0.0%,0,0,0.0%,0
b&b capital llc d/b/a vit-a-zine farm supply,1,0.0%,0,1,0.0%,0,0,0.0%,0
piat inc,1,0.0%,0,1,0.0%,0,0,0.0%,0
overseas military sales corporation,1,0.0%,0,1,0.0%,0,0,0.0%,0
pike county memorial hospital,1,0.0%,0,1,0.0%,0,0,0.0%,0
security credit services llc - little rock ar,1,0.0%,0,1,0.0%,0,0,0.0%,0
wsfs fsb as trustee,1,0.0%,0,1,0.0%,0,0,0.0%,0
credit bureau of columbia llc,1,0.0%,0,1,0.0%,0,0,0.0%,0
nancy l newhouse dds,1,0.0%,0,1,0.0%,0,0,0.0%,0
family dentistry,1,0.0%,0,1,0.0%,0,0,0.0%,0
capital one bank usa na petitioner,1,0.0%,0,1,0.0%,0,0,0.0%,0
city bank of moberly missouri,1,0.0%,0,1,0.0%,0,0,0.0%,0
the hayes company,1,0.0%,0,1,0.0%,0,0,0.0%,0
barclays bank delaware a national association,1,0.0%,0,1,0.0%,0,0,0.0%,0
american express,1,0.0%,0,1,0.0%,0,0,0.0%,0
lm general insurance company,1,0.0%,0,1,0.0%,0,0,0.0%,0
mimg lxviii woodland ridge llc,1,0.0%,0,1,0.0%,0,0,0.0%,0
washington university,1,0.0%,0,1,0.0%,0,0,0.0%,0
fleer feed. inc,1,0.0%,0,1,0.0%,0,0,0.0%,0
wakefield & associates inc - no add,1,0.0%,0,0,0.0%,0,1,0.0%,0
hillmann rentals llc,1,0.0%,0,1,0.0%,0,0,0.0%,0
velociti  inc,1,0.0%,0,1,0.0%,0,0,0.0%,0
credit bureau of columbia d/b/a ams a/a/o general john j per petitioner,1,0.0%,0,1,0.0%,0,0,0.0%,0
jh portolio debt equities llc,1,0.0%,0,0,0.0%,0,1,0.0%,0
frontenac ambulatory surgery & spine care center,1,0.0%,0,0,0.0%,0,1,0.0%,0
ron cleek attorney,1,0.0%,0,0,0.0%,0,1,0.0%,0
marco specialty steel inc,1,0.0%,0,0,0.0%,0,1,0.0%,0
peopleready inc a corporation,1,0.0%,0,0,0.0%,0,1,0.0%,0
st louis county endodontics ltd petitioner,1,0.0%,0,0,0.0%,0,1,0.0%,0
vade bhasker,1,0.0%,0,0,0.0%,0,1,0.0%,0
town centre condominiums,1,0.0%,0,0,0.0%,0,1,0.0%,0
commons at peruque hills,1,0.0%,0,0,0.0%,0,1,0.0%,0
riverdale hoa,1,0.0%,0,0,0.0%,0,1,0.0%,0
coastal calibration laboratories,1,0.0%,0,0,0.0%,0,1,0.0%,0
autovest llc assignee of pelican auto finance llc,1,0.0%,0,0,0.0%,0,1,0.0%,0
city-rent a truck llc,1,0.0%,0,0,0.0%,0,1,0.0%,0
f & c bank,1,0.0%,0,0,0.0%,0,1,0.0%,0
dustin k. mace l.l.c,1,0.0%,0,0,0.0%,0,1,0.0%,0
beacon contracting llc,1,0.0%,0,0,0.0%,0,1,0.0%,0
sitial homes l.l.c.,1,0.0%,0,0,0.0%,0,1,0.0%,0
trane us inc,1,0.0%,0,0,0.0%,0,1,0.0%,0
independence ridge apartments,1,0.0%,0,0,0.0%,0,1,0.0%,0
e-state management llc,1,0.0%,0,0,0.0%,0,1,0.0%,0
mill-tel inc,1,0.0%,0,0,0.0%,0,1,0.0%,0
mckesson medical-surgical inc,1,0.0%,0,0,0.0%,0,1,0.0%,0
riekes equipment company,1,0.0%,0,0,0.0%,0,1,0.0%,0
ottawa family physicians chartered,1,0.0%,0,0,0.0%,0,1,0.0%,0
orthopedic health of kansas city pc,1,0.0%,0,0,0.0%,0,1,0.0%,0
kansas board of regents,1,0.0%,0,0,0.0%,0,1,0.0%,0
baker distributing company,1,0.0%,0,0,0.0%,0,1,0.0%,0
vicksburg healthcare llc,1,0.0%,0,0,0.0%,0,1,0.0%,0
speciality lumber enterprises llc,1,0.0%,0,0,0.0%,0,1,0.0%,0
thomas lovinggood dds,1,0.0%,0,0,0.0%,0,1,0.0%,0
pawnee valley community hospital,1,0.0%,0,0,0.0%,0,1,0.0%,0
st louis pathology associates inc,1,0.0%,0,0,0.0%,0,1,0.0%,0
southfield partnership lp,1,0.0%,0,0,0.0%,0,1,0.0%,0
advanced elevator co. inc,1,0.0%,0,0,0.0%,0,1,0.0%,0
lindell loft llc,1,0.0%,0,0,0.0%,0,1,0.0%,0
united guaranty commercial insurance compa,1,0.0%,0,0,0.0%,0,1,0.0%,0
bentwood healthcare llc,1,0.0%,0,0,0.0%,0,1,0.0%,0
amerilife,1,0.0%,0,0,0.0%,0,1,0.0%,0
kugman inc a corporation,1,0.0%,0,0,0.0%,0,1,0.0%,0
acuity a mutual insurance company,1,0.0%,0,0,0.0%,0,1,0.0%,0
safeco insurance company of america,1,0.0%,0,0,0.0%,0,1,0.0%,0
a e wease inc,1,0.0%,0,0,0.0%,0,1,0.0%,0
sgp llc d/b/a timberlake surgery center,1,0.0%,0,0,0.0%,0,1,0.0%,0
alden research laboratory inc,1,0.0%,0,0,0.0%,0,1,0.0%,0
ptod llc,1,0.0%,0,0,0.0%,0,1,0.0%,0
fleetcor technologies operating company llc,1,0.0%,0,0,0.0%,0,1,0.0%,0
national collegiate student loan trust 2005-1,1,0.0%,0,0,0.0%,0,1,0.0%,0
northern tier  retail  llc,1,0.0%,0,0,0.0%,0,1,0.0%,0
rooney mcbride & smith llc,1,0.0%,0,0,0.0%,0,1,0.0%,0
union college,1,0.0%,0,0,0.0%,0,1,0.0%,0
world acceptance corp of mo d/b/a world finance,1,0.0%,0,0,0.0%,0,1,0.0%,0
d&b hvac systems llc,1,0.0%,0,0,0.0%,0,1,0.0%,0
pac-van leasing & sales inc,1,0.0%,0,0,0.0%,0,1,0.0%,0
consumer adjustment company inc-no add,1,0.0%,0,1,0.0%,0,0,0.0%,0
thomure lumber enterprises,1,0.0%,0,0,0.0%,0,1,0.0%,0
lake washington estates condominum asscociation,1,0.0%,0,0,0.0%,0,1,0.0%,0
hd supply facilities maintenance ltd,1,0.0%,0,0,0.0%,0,1,0.0%,0
berlin-wheeler inc,1,0.0%,0,0,0.0%,0,1,0.0%,0
paycor inc,1,0.0%,0,0,0.0%,0,1,0.0%,0
abeo footwear inc,1,0.0%,0,0,0.0%,0,1,0.0%,0
ccm inc as assignee of capital region medical center,1,0.0%,0,0,0.0%,0,1,0.0%,0
alexander winton & associates inc assignee,1,0.0%,0,0,0.0%,0,1,0.0%,0
west plains bank and trust company,1,0.0%,0,0,0.0%,0,1,0.0%,0
great souther bank,1,0.0%,0,0,0.0%,0,1,0.0%,0
rangeline llc,1,0.0%,0,0,0.0%,0,1,0.0%,0
m. schamroth & sons,1,0.0%,0,0,0.0%,0,1,0.0%,0
johnson and grote pediatrics,1,0.0%,0,0,0.0%,0,1,0.0%,0
midsouth distributing usa inc,1,0.0%,0,0,0.0%,0,1,0.0%,0
covert electric supply inc,1,0.0%,0,0,0.0%,0,1,0.0%,0
satterlee plumbing heating and air-conditioning company,1,0.0%,0,0,0.0%,0,1,0.0%,0
specialized bicycle components inc,1,0.0%,0,0,0.0%,0,1,0.0%,0
andy's lawn and landscape llc,1,0.0%,0,0,0.0%,0,1,0.0%,0
city of laddonia,1,0.0%,0,0,0.0%,0,1,0.0%,0
mexico cardiovascular associates llc,1,0.0%,0,0,0.0%,0,1,0.0%,0
village of cosby,1,0.0%,0,0,0.0%,0,1,0.0%,0
cvi spg acquisition trust,1,0.0%,0,0,0.0%,0,1,0.0%,0
e.w. holdings llc d/b/a claim recovery experts,1,0.0%,0,0,0.0%,0,1,0.0%,0
west bend mutual insurance company,1,0.0%,0,0,0.0%,0,1,0.0%,0
cavalry spv 1 llc - iowa,1,0.0%,0,0,0.0%,0,1,0.0%,0
cintas corporation no. 2,1,0.0%,0,0,0.0%,0,1,0.0%,0
midland funding llc- san diego ca.,1,0.0%,0,0,0.0%,0,1,0.0%,0
outlaw design ii llc,1,0.0%,0,0,0.0%,0,1,0.0%,0
national tire wholesale,1,0.0%,0,0,0.0%,0,1,0.0%,0
quality experts transportation llc,1,0.0%,0,0,0.0%,0,1,0.0%,0
standard battery inc,1,0.0%,0,0,0.0%,0,1,0.0%,0
mid-century insurance company - overland park ks,1,0.0%,0,0,0.0%,0,1,0.0%,0
roberts-judson lumber company,1,0.0%,0,0,0.0%,0,1,0.0%,0
luby equipment services,1,0.0%,0,0,0.0%,0,1,0.0%,0
credit bureau services of ia inc assignee keokuk area hosp,1,0.0%,0,0,0.0%,0,1,0.0%,0
trane residential,1,0.0%,0,0,0.0%,0,1,0.0%,0
keene mark,1,0.0%,0,0,0.0%,0,1,0.0%,0
haller nickolas earl,1,0.0%,0,0,0.0%,0,1,0.0%,0
jefferson medical group l.l.c.,1,0.0%,0,0,0.0%,0,1,0.0%,0
performance foam insulation of the ozarks llc,1,0.0%,0,0,0.0%,0,1,0.0%,0
abc supply co inc,1,0.0%,0,0,0.0%,0,1,0.0%,0
ncslt 2006-4,1,0.0%,0,0,0.0%,0,1,0.0%,0
meek lumber yard,1,0.0%,0,0,0.0%,0,1,0.0%,0
united security bank,1,0.0%,0,0,0.0%,0,1,0.0%,0
mimg lxxxii the hills llc,1,0.0%,0,0,0.0%,0,1,0.0%,0
barrington woods homeowners' association,1,0.0%,0,0,0.0%,0,1,0.0%,0
progressive advanced ins co,1,0.0%,0,0,0.0%,0,1,0.0%,0
buck teril j,1,0.0%,0,0,0.0%,0,1,0.0%,0
cbc inc d/b/a accounts management service,1,0.0%,0,0,0.0%,0,1,0.0%,0
capital region medical center petitioner,1,0.0%,0,0,0.0%,0,1,0.0%,0
nw mo tow and recovery inc,1,0.0%,0,0,0.0%,0,1,0.0%,0
citibank na - oklahoma,1,0.0%,0,0,0.0%,0,1,0.0%,0
mimg cvii hunters ridge sub llc,1,0.0%,0,0,0.0%,0,1,0.0%,0
lvnv funding llc care credit dc (us),1,0.0%,0,0,0.0%,0,1,0.0%,0
midwest ent centre pc,1,0.0%,0,0,0.0%,0,1,0.0%,0
sunset hills dental l.l.c,1,0.0%,0,0,0.0%,0,1,0.0%,0
machine maintenance inc,1,0.0%,0,0,0.0%,0,1,0.0%,0
amerifirst home improvement finance llc,1,0.0%,0,0,0.0%,0,1,0.0%,0
superior contracting corporation,1,0.0%,0,0,0.0%,0,1,0.0%,0
ls funeral services l.l.c. d/b/a williams funeral chapel,1,0.0%,0,0,0.0%,0,1,0.0%,0
vermeer corporation,1,0.0%,0,0,0.0%,0,1,0.0%,0
veterinary specialty services-west,1,0.0%,0,0,0.0%,0,1,0.0%,0
raka group inc,1,0.0%,0,0,0.0%,0,1,0.0%,0
direct capital a division of cit bank n.a.,1,0.0%,0,0,0.0%,0,1,0.0%,0
department stores national bank/macys,1,0.0%,0,0,0.0%,0,1,0.0%,0
kirksville mo hospital co llc d/b/a northeast reg med ctr,1,0.0%,0,0,0.0%,0,1,0.0%,0
sandia resolution company,1,0.0%,0,0,0.0%,0,1,0.0%,0
weiny mark,1,0.0%,0,0,0.0%,0,1,0.0%,0
ford motor credit company,1,0.0%,0,0,0.0%,0,1,0.0%,0
cavalry spv i llc-c/o pech hughes & mcdonald,1,0.0%,0,0,0.0%,0,1,0.0%,0
citibank n.a. - oklahoma city ok,1,0.0%,0,0,0.0%,0,1,0.0%,0
lighthouse pointe condominium owners' association inc,1,0.0%,0,0,0.0%,0,1,0.0%,0
cavalry spvi llc,1,0.0%,0,0,0.0%,0,1,0.0%,0
mcknight tire & auto center inc,1,0.0%,0,0,0.0%,0,1,0.0%,0
barclays bank deleware,1,0.0%,0,0,0.0%,0,1,0.0%,0
criswell casket company,1,0.0%,0,0,0.0%,0,1,0.0%,0
citibank (south dakota) n.a.,1,0.0%,0,0,0.0%,0,1,0.0%,0
midwest family mutual a corporation,1,0.0%,0,0,0.0%,0,1,0.0%,0
r&d lawn care & landscape llc,1,0.0%,0,0,0.0%,0,1,0.0%,0
crandall & podleski p.c.,1,0.0%,0,0,0.0%,0,1,0.0%,0
westco inc,1,0.0%,0,0,0.0%,0,1,0.0%,0
meek lumbar yard inc,1,0.0%,0,0,0.0%,0,1,0.0%,0
cbs llc aaopmhs,1,0.0%,0,0,0.0%,0,1,0.0%,0
pike county r-111 school district,1,0.0%,0,0,0.0%,0,1,0.0%,0
credit bureau services l.l.c. aao pfcc-wc and pfcc sc and p,1,0.0%,0,0,0.0%,0,1,0.0%,0
credit bureau services llc aao pcmh and jdh dds pc & crg pc,1,0.0%,0,0,0.0%,0,1,0.0%,0
the ethans aptment management llc,1,0.0%,0,1,0.0%,0,0,0.0%,0
ray county memorial  hospital,1,0.0%,0,1,0.0%,0,0,0.0%,0
accelerated inventory management llc,1,0.0%,0,0,0.0%,0,1,0.0%,0
southeast economic development fund inc,1,0.0%,0,0,0.0%,0,1,0.0%,0
spacewalker inc,1,0.0%,0,0,0.0%,0,1,0.0%,0
the lamar company llc,1,0.0%,0,0,0.0%,0,1,0.0%,0
mimg cvii southpointe sub llc,1,0.0%,0,0,0.0%,0,1,0.0%,0
liberty surplus insurance corporation,1,0.0%,0,0,0.0%,0,1,0.0%,0
razor capital llc,1,0.0%,0,0,0.0%,0,1,0.0%,0
md health and wellness llc,1,0.0%,0,0,0.0%,0,1,0.0%,0
deaconess health system llc,1,0.0%,0,0,0.0%,0,1,0.0%,0
the law offices of venus v. harry llc,1,0.0%,0,0,0.0%,0,1,0.0%,0
old ballas village condominium assoc.,1,0.0%,0,0,0.0%,0,1,0.0%,0
sterling college,1,0.0%,0,0,0.0%,0,1,0.0%,0
washington university physician network petitioner,1,0.0%,0,0,0.0%,0,1,0.0%,0
richardson place dgr lp,1,0.0%,0,0,0.0%,0,1,0.0%,0
st. mary's high school,1,0.0%,0,0,0.0%,0,1,0.0%,0
srs distribution inc,1,0.0%,0,0,0.0%,0,1,0.0%,0
american multispeciality group inc,1,0.0%,0,0,0.0%,0,1,0.0%,0
sullivan insurance agency inc,1,0.0%,0,0,0.0%,0,1,0.0%,0
bradford green subdivision trustees,1,0.0%,0,0,0.0%,0,1,0.0%,0
halenkamp law llc,1,0.0%,0,0,0.0%,0,1,0.0%,0
little hills healthcare lllc,1,0.0%,0,0,0.0%,0,1,0.0%,0
blusky restoration contractors llc,1,0.0%,0,0,0.0%,0,1,0.0%,0
pittsburg universal l.l.c.,1,0.0%,0,0,0.0%,0,1,0.0%,0
cjc transport,1,0.0%,0,0,0.0%,0,1,0.0%,0
o'brien michael kevin,1,0.0%,0,0,0.0%,0,1,0.0%,0
central states wholesale dist inc d/b/a carriage house,1,0.0%,0,0,0.0%,0,1,0.0%,0
decota electric supply inc,1,0.0%,0,0,0.0%,0,1,0.0%,0
forklifts of cape inc - vogler law,1,0.0%,0,0,0.0%,0,1,0.0%,0
credit bureau services llc crgi llc,1,0.0%,0,0,0.0%,0,1,0.0%,0
meeks lumber yard inc,1,0.0%,0,0,0.0%,0,1,0.0%,0
kirksville mo hospital co llc,1,0.0%,0,1,0.0%,0,0,0.0%,0
brother loan & finance company,1,0.0%,0,1,0.0%,0,0,0.0%,0
university of kansas school of medicine,1,0.0%,0,1,0.0%,0,0,0.0%,0
meadows at summit ridge property owners association,1,0.0%,0,1,0.0%,0,0,0.0%,0
lakewood property owners associations inc,1,0.0%,0,1,0.0%,0,0,0.0%,0
nationwide insurance company of america,1,0.0%,0,1,0.0%,0,0,0.0%,0
cvi sgp co acquistion trust,1,0.0%,0,1,0.0%,0,0,0.0%,0
comfort systems usa midsouth inc,1,0.0%,0,1,0.0%,0,0,0.0%,0
the glen oaks homes association inc,1,0.0%,0,1,0.0%,0,0,0.0%,0
td bank usa na target,1,0.0%,0,1,0.0%,0,0,0.0%,0
mcnichols inc,1,0.0%,0,1,0.0%,0,0,0.0%,0
busey bank,1,0.0%,0,1,0.0%,0,0,0.0%,0
creditbox.com llc,1,0.0%,0,1,0.0%,0,0,0.0%,0
cavalry spv llc,1,0.0%,0,1,0.0%,0,0,0.0%,0
dr. stephen c. snitzer d.d.s m.c. p.c.,1,0.0%,0,1,0.0%,0,0,0.0%,0
law office of patrick e. kennedy llc,1,0.0%,0,1,0.0%,0,0,0.0%,0
amg llc,1,0.0%,0,1,0.0%,0,0,0.0%,0
housing authority of st louis county,1,0.0%,0,1,0.0%,0,0,0.0%,0
major league pressure washing llc,1,0.0%,0,1,0.0%,0,0,0.0%,0
aaa check advance,1,0.0%,0,1,0.0%,0,0,0.0%,0
st louis city collector of revenue,1,0.0%,0,1,0.0%,0,0,0.0%,0
cedar park health system l.p.,1,0.0%,0,1,0.0%,0,0,0.0%,0
siloam springs arkansas hospital company llc,1,0.0%,0,1,0.0%,0,0,0.0%,0
mike swann md llc,1,0.0%,0,1,0.0%,0,0,0.0%,0
allied property and casualty insurance company,1,0.0%,0,1,0.0%,0,0,0.0%,0
cbb f/k/a ozark mountain bank,1,0.0%,0,1,0.0%,0,0,0.0%,0
hansen stierberger downard schroeder & head llc,1,0.0%,0,1,0.0%,0,0,0.0%,0
pca acquisition v llc,1,0.0%,0,1,0.0%,0,0,0.0%,0
summit bhc saint louis llc,1,0.0%,0,1,0.0%,0,0,0.0%,0
american tire distributor,1,0.0%,0,0,0.0%,0,1,0.0%,0
lexington development inc,1,0.0%,0,1,0.0%,0,0,0.0%,0
hydromat inc,1,0.0%,0,1,0.0%,0,0,0.0%,0
crmc and capital region medical,1,0.0%,0,1,0.0%,0,0,0.0%,0
northbrooke apartments llc,1,0.0%,0,1,0.0%,0,0,0.0%,0
american builders and contractors supply co. inc,1,0.0%,0,1,0.0%,0,0,0.0%,0
portfolio recovery associates llcq,1,0.0%,0,1,0.0%,0,0,0.0%,0
steven mingos dds,1,0.0%,0,1,0.0%,0,0,0.0%,0
republic finance llc a limited liability company,1,0.0%,0,1,0.0%,0,0,0.0%,0
community america credit union,1,0.0%,0,1,0.0%,0,0,0.0%,0
petrochoice,1,0.0%,0,1,0.0%,0,0,0.0%,0
credit bureau services of iowa inc as assingee,1,0.0%,0,1,0.0%,0,0,0.0%,0
west plains bank & trust co,1,0.0%,0,1,0.0%,0,0,0.0%,0
stewart-morrison redi-mix inc,1,0.0%,0,1,0.0%,0,0,0.0%,0
jpmorgan chase,1,0.0%,0,1,0.0%,0,0,0.0%,0
west plains open mri llc,1,0.0%,0,1,0.0%,0,0,0.0%,0
ncb management services inc petitioner,1,0.0%,0,1,0.0%,0,0,0.0%,0
americas car-mart inc,1,0.0%,0,1,0.0%,0,0,0.0%,0
second round sub llc petitioner,1,0.0%,0,1,0.0%,0,0,0.0%,0
john j coyne and terrance hamilton,1,0.0%,0,1,0.0%,0,0,0.0%,0
oradell internation corp..,1,0.0%,0,1,0.0%,0,0,0.0%,0
commercial kitchen services inc a corp.,1,0.0%,0,1,0.0%,0,0,0.0%,0
viracon inc,1,0.0%,0,1,0.0%,0,0,0.0%,0
credit bureau,1,0.0%,0,1,0.0%,0,0,0.0%,0
eckards home improvement,1,0.0%,0,1,0.0%,0,0,0.0%,0
agriland fs inc,1,0.0%,0,1,0.0%,0,0,0.0%,0
cottonwood hc3 llc,1,0.0%,0,1,0.0%,0,0,0.0%,0
townsend and wall lofts lp,1,0.0%,0,1,0.0%,0,0,0.0%,0
chamberlain funeral home & monuments llc,1,0.0%,0,1,0.0%,0,0,0.0%,0
jeff's small engines,1,0.0%,0,1,0.0%,0,0,0.0%,0
university of kansas  hospital,1,0.0%,0,1,0.0%,0,0,0.0%,0
pca acquistion v llc,1,0.0%,0,1,0.0%,0,0,0.0%,0
jump dental l.l.c.,1,0.0%,0,1,0.0%,0,0,0.0%,0
steelville senior living lcc,1,0.0%,0,1,0.0%,0,0,0.0%,0
credit bureau services as assignee of north scott county ems,1,0.0%,0,1,0.0%,0,0,0.0%,0
cbs llc aaocrg llc,1,0.0%,0,1,0.0%,0,0,0.0%,0
moberly hospital,1,0.0%,0,1,0.0%,0,0,0.0%,0
capital region medical center dba capital region physicians,1,0.0%,0,1,0.0%,0,0,0.0%,0
logan lori ann,1,0.0%,0,1,0.0%,0,0,0.0%,0
berry companies inc dba kc bobcat inc,1,0.0%,0,1,0.0%,0,0,0.0%,0
brunswick auto parts inc,1,0.0%,0,1,0.0%,0,0,0.0%,0
first of america bank corp.,1,0.0%,0,1,0.0%,0,0,0.0%,0
mfg financial inc,1,0.0%,0,1,0.0%,0,0,0.0%,0
all under one roof inc,1,0.0%,0,1,0.0%,0,0,0.0%,0
american family mutual insurance company,1,0.0%,0,1,0.0%,0,0,0.0%,0
gfs ii llc dba gateway financial soulutions,1,0.0%,0,1,0.0%,0,0,0.0%,0
hittner grant a,1,0.0%,0,1,0.0%,0,0,0.0%,0
mid america physician services llc,1,0.0%,0,1,0.0%,0,0,0.0%,0
credit one,1,0.0%,0,1,0.0%,0,0,0.0%,0
armor roofing,1,0.0%,0,1,0.0%,0,0,0.0%,0
world acceptance corporation of mo,1,0.0%,0,1,0.0%,0,0,0.0%,0
unify financial federal credit union,1,0.0%,0,1,0.0%,0,0,0.0%,0
absolute resolutions investments llc petitioner,1,0.0%,0,1,0.0%,0,0,0.0%,0
dyke industries inc,1,0.0%,0,1,0.0%,0,0,0.0%,0
cach llc - so carolina,1,0.0%,0,1,0.0%,0,0,0.0%,0
ccdf llc dba flexicash,1,0.0%,0,1,0.0%,0,0,0.0%,0
ncb management services llc,1,0.0%,0,1,0.0%,0,0,0.0%,0
mimg lx cedar trace llc,1,0.0%,0,1,0.0%,0,0,0.0%,0
casa village condo hoa,1,0.0%,0,1,0.0%,0,0,0.0%,0
jvm new longview llc,1,0.0%,0,1,0.0%,0,0,0.0%,0
ag co op services inc,1,0.0%,0,1,0.0%,0,0,0.0%,0
adams receivables a corporation,1,0.0%,0,1,0.0%,0,0,0.0%,0
berkley real estate dba red hawk estate,1,0.0%,0,1,0.0%,0,0,0.0%,0
swift transportation co. inc,1,0.0%,0,1,0.0%,0,0,0.0%,0
bank of america st louis,1,0.0%,0,1,0.0%,0,0,0.0%,0
credit bureau of columbia inc d/b/a accounts management se,1,0.0%,0,1,0.0%,0,0,0.0%,0
absolute resolutions investmentsllc,1,0.0%,0,1,0.0%,0,0,0.0%,0
the housing authority of the city of hannibal,1,0.0%,0,1,0.0%,0,0,0.0%,0
cavalry investments llc as assignee of fireside bank,1,0.0%,0,1,0.0%,0,0,0.0%,0
tower loan of mo llc d/b/a tower loan of jefferson city,1,0.0%,0,1,0.0%,0,0,0.0%,0
tower loan of missouri llc dba tower loan of caruthersville,1,0.0%,0,1,0.0%,0,0,0.0%,0
phelps county regional medical center petitioner,1,0.0%,0,1,0.0%,0,0,0.0%,0
jh met subsidiary b liquidation trust,1,0.0%,0,1,0.0%,0,0,0.0%,0
thomas independent plumbing,1,0.0%,0,1,0.0%,0,0,0.0%,0
mickey chiropractic inc,1,0.0%,0,1,0.0%,0,0,0.0%,0
excel anesthesia llc,1,0.0%,0,1,0.0%,0,0,0.0%,0
wyncroft hill apartments llc,1,0.0%,0,1,0.0%,0,0,0.0%,0
together credit union f/k/a anheuser-busch employees credit,1,0.0%,0,1,0.0%,0,0,0.0%,0
mcclain bobby ray,1,0.0%,0,1,0.0%,0,0,0.0%,0
bureaus investment group portfolio #15 llc,1,0.0%,0,1,0.0%,0,0,0.0%,0
norwood-redwood court apartments,1,0.0%,0,1,0.0%,0,0,0.0%,0
hilton family law group llc,1,0.0%,0,1,0.0%,0,0,0.0%,0
depositors insurance company,1,0.0%,0,1,0.0%,0,0,0.0%,0
enterprise fleet management,1,0.0%,0,1,0.0%,0,0,0.0%,0
cdl training services of missouri llc,1,0.0%,0,1,0.0%,0,0,0.0%,0
for valor roofing llc,1,0.0%,0,1,0.0%,0,0,0.0%,0
honest junk hauling llc,1,0.0%,0,1,0.0%,0,0,0.0%,0
luby equipment services inc,1,0.0%,0,1,0.0%,0,0,0.0%,0
philadelphia insurance companies,1,0.0%,0,1,0.0%,0,0,0.0%,0
binkelman corporation,1,0.0%,0,1,0.0%,0,0,0.0%,0
amica mutual insurance company,1,0.0%,0,1,0.0%,0,0,0.0%,0
southfield partnership l.p.,1,0.0%,0,1,0.0%,0,0,0.0%,0
kenrick parke condominium association,1,0.0%,0,1,0.0%,0,0,0.0%,0
riverdale packaging corporabtion,1,0.0%,0,1,0.0%,0,0,0.0%,0
precision plumbing solutions llc,1,0.0%,0,1,0.0%,0,0,0.0%,0
martha m. moran llc,1,0.0%,0,1,0.0%,0,0,0.0%,0
valvoline inc,1,0.0%,0,1,0.0%,0,0,0.0%,0
the sherwin williams company,1,0.0%,0,1,0.0%,0,0,0.0%,0
greystone maryland llc,1,0.0%,0,1,0.0%,0,0,0.0%,0
st. louis county endodontics ltd.,1,0.0%,0,1,0.0%,0,0,0.0%,0
credit bureau services - columbia,1,0.0%,0,1,0.0%,0,0,0.0%,0
cbs llc aaoncc ems - faber and brand,1,0.0%,0,1,0.0%,0,0,0.0%,0
world acceptance corporation of missouri petitioner,1,0.0%,0,1,0.0%,0,0,0.0%,0
agriland fs inc petitioner,1,0.0%,0,1,0.0%,0,0,0.0%,0